[{"normal":[0.0007616146663166571,0.9992968849863275,-0.03748540515617619],"root":[-168.01963211155538,31.93505588567482,1250.7690819314441],"cov":[[0.00120570169744397,-0.0000038016869505984185,-0.000001061534252266642],[-0.0000038016869505984185,0.0012070353287533322,0.000045280941466453686],[-0.000001061534252266642,0.000045280941466453686,0.000004506840175513919]],"n":636,"id":"h","colors":{"mean":[209.95597752760042,212.9355370984325,208.0644682063809],"cov":[[29.398375295430096,29.166707619685486,29.69827751376121],[29.166707619685486,29.972299281396616,29.949200639761457],[29.69827751376121,29.949200639761457,31.388311671470312]]},"roughness":6.644825008153415,"rot":[[0.9992972016334534,0.00001427973711543018,0.037485405802726746,0],[0.00001427973711543018,0.9999997019767761,-0.0007616146467626095,0],[-0.037485405802726746,0.0007616146467626095,0.9992969036102295,0],[0,0,0,1]],"poly":{"xy":[[-452.9704215319933,-5.5472877683758287e-14],[-475.3734496894412,-154.45819687028205],[-846.3909878839565,-614.9390480181648],[-309.7497705124337,-426.3339840034089],[-104.95842270747929,-323.0288096546904],[7.879527898848937e-14,-1286.8245610628258],[444.7237418898702,-1368.71893900543],[696.7618687395843,-959.0104390068728],[703.1098167006818,-510.8391836910992],[231.4023506061997,-75.18718146654689],[218.44811398319524,0],[205.1600454468064,66.66053964570558],[191.41972710778046,139.07457244298314],[178.39265591215062,245.53642634231912],[139.90567904753664,430.58540516192824],[2.712279279303071e-14,442.9488210301069],[-119.68525747828778,368.3533465835078],[-207.92843306745587,286.1889360259469],[-264.42286827128135,192.11445917624533],[-338.35904357121444,109.93951765481575]],"rhoDist":[452.9704215319933,499.8372247542779,1046.1967965677713,526.9777853465213,339.6525906925606,1286.8245610628258,1439.1562599636907,1185.4020937444106,869.0915290894595,243.31083026235808,218.44811398319524,215.71803771032305,236.60779493967587,303.4997139114765,452.74428783609653,442.9488210301069,387.3096291043044,353.7489793364088,326.84463998877607,355.7717525445219]},"features":[32.29083082072571,215.71803771032305],"projected":{"root":[0.16801963211155538,-1.250769081931444],"xy":[{"x":-0.0000011478480304784925,"y":0.45302691669993744},{"x":0.15445732411858296,"y":0.4754164050742148},{"x":0.6149433396999363,"y":0.8461797584563688},{"x":0.4263306673096336,"y":0.3099130126550077},{"x":0.3230225985662398,"y":0.10526412213440642},{"x":1.2868165715691768,"y":0.0003932295682689542},{"x":1.368704575213515,"y":-0.44401677997943517},{"x":0.9589925950456226,"y":-0.695883618691835},{"x":0.5108213791109464,"y":-0.7022335049249478},{"x":0.07517623914101154,"y":-0.23086378757139409},{"x":-0.000010735528348619236,"y":-0.21791972916143248},{"x":-0.06667106608367382,"y":-0.2046419517052567},{"x":-0.13908488166329908,"y":-0.19091232445722942},{"x":-0.24554651865165505,"y":-0.17789592925869954},{"x":-0.4305948941990013,"y":-0.13943864444991477},{"x":-0.44295630866383046,"y":0.0003685288587517824},{"x":-0.368359146785612,"y":0.11997073376370893},{"x":-0.2861934999770807,"y":0.20815306313949788},{"x":-0.19211824369555452,"y":0.2646091360073161},{"x":-0.10994227022641584,"y":0.338494520560057}],"resolution":null}},{"normal":[-0.11217724920224342,0.9936274107209667,-0.010992425818039903],"root":[-1355.2103687427661,6.936016763277627,1077.6437934027779],"cov":[[0.0011846980978998673,-0.00007788095267202748,0.0001328869068405074],[-0.00007788095267202748,0.0011250044589208147,0.0000036533382478037747],[0.0001328869068405074,0.0000036533382478037747,0.000018787686383628345]],"n":270,"id":"h","colors":{"mean":[196.74444791674614,195.6555590927601,188.09630028406778],"cov":[[26.45522439856481,26.709344909474858,28.36768829521493],[26.709344909474858,27.90024267648419,28.9703122496165],[28.36768829521493,28.9703122496165,34.91326630404872]]},"roughness":9.119917187637764,"rot":[[0.9999393820762634,-0.0006185208330862224,0.010992425493896008,0],[-0.0006185208330862224,0.9936880469322205,0.11217725276947021,0],[-0.010992425493896008,-0.11217725276947021,0.9936274290084839,0],[0,0,0,1]],"poly":{"xy":[[-236.73564125666402,-2.899175453090697e-14],[-227.78447383395073,-74.01166204469969],[-189.89898944430058,-137.96969185652554],[-175.64249315924388,-241.7511520508651],[-98.48224396829296,-303.09718096529224],[2.317326448353173e-14,-378.44812887545794],[132.36305111133916,-407.3715833356551],[347.13544878317794,-477.79095565981316],[613.2731500222599,-445.56902477498363],[686.1711306768306,-222.95051534330563],[923.9799304824495,0],[819.1297227334418,266.15138068589465],[505.62243195474446,367.3561999286186],[339.6162546604887,467.44167281283063],[166.19683563762322,511.5012649725344],[3.149396085688117e-14,514.3354129338923],[-122.87662007432263,378.17535070648114],[-455.8624512763,627.4408361583708],[-610.1558716553247,443.3041894697742],[-220.7025124433891,71.71059330094523]],"rhoDist":[236.73564125666402,239.5067695043892,234.72805981167056,298.82085757375694,318.69523605811474,378.44812887545794,428.33583110557254,590.5821002301169,758.0473022029398,721.483023269547,923.9799304824495,861.2839602049798,624.983696844826,577.789683112874,537.8242577687083,514.3354129338923,397.6370954059234,775.5595253510542,754.1941342366184,232.06035462869977]},"features":[144.24982828694638,232.06035462869977],"projected":{"root":[1.3552103687427661,-1.0776437934027778],"xy":[{"x":0.000975346565569261,"y":0.23683121700705143},{"x":0.0745253850042574,"y":0.22783481435811337},{"x":0.13810314600796314,"y":0.18991206682737263},{"x":0.24123835769870883,"y":0.17559224363078715},{"x":0.3022448969613029,"y":0.09839872731267536},{"x":0.3771811445568066,"y":-0.0001241537944141228},{"x":0.4060039040718243,"y":-0.1324970721624654},{"x":0.4761116319679994,"y":-0.34730000836400227},{"x":0.4442576969617491,"y":-0.6134016491057428},{"x":0.2230894399056543,"y":-0.6861575172395536},{"x":0.00169327332994812,"y":-0.923814003954553},{"x":-0.26284301734967314,"y":-0.8188055309850155},{"x":-0.36360294464474835,"y":-0.5052546445417216},{"x":-0.4631593583606751,"y":-0.33919662390398864},{"x":-0.5070481108041087,"y":-0.1657604640275077},{"x":-0.509967165887306,"y":0.0004280514271472223},{"x":-0.37474254492360454,"y":0.12321300613463669},{"x":-0.6226406304291199,"y":0.45633283101698163},{"x":-0.4397616841647711,"y":0.6105030073450677},{"x":-0.07027269412021352,"y":0.22084341445507527}],"resolution":null}}]