[{"normal":[-0.004070712060552176,0.937172232781519,-0.34884328201446346],"root":[-156.1176156664228,153.4541926617389,787.4838267506419],"cov":[[0.0011664589958106262,-0.000011118068372894783,9.281700962717936e-7],[-0.000011118068372894783,0.00022046048563466422,0.00008201363444172975],[9.281700962717936e-7,0.00008201363444172975,0.00003428705585613071]],"n":572,"id":"h","colors":{"mean":[244.2972034351392,246.5699305724014,242.0856651054187],"cov":[[12.470461906924402,12.326546328321074,13.601110181311245],[12.326546328321074,12.880108058306975,13.874472039870358],[13.601110181311245,13.874472039870358,15.533859313246884]]},"roughness":2.0129970529709267,"rot":[[0.937180757522583,-0.0007330481894314289,0.3488432765007019,0],[-0.0007330481894314289,0.9999914169311523,0.004070712253451347,0],[-0.3488432765007019,-0.004070712253451347,0.9371722340583801,0],[0,0,0,1]],"poly":{"xy":[[-160.15796005142317,-51.59326079842094],[-163.13494979751692,-115.42205718513969],[-161.10583602798567,-131.93835357185844],[-100.46447860611067,-159.4962759351397],[-50.366639250641924,-164.79858306404594],[54.493895417326826,-176.25121978279594],[133.78698623763933,-188.03439239021782],[143.39697158920183,-190.5071401929522],[148.42803848373308,-101.54904082771782],[156.63629043685808,-43.399916682210005],[164.48504531967058,52.07788177970406],[178.78393447982683,129.18624588492867],[191.79272354232683,240.72360321525093],[182.86157119857683,401.3580941820478],[0.8057850657643257,304.75141998771187],[-3.8689585865794243,308.32615753654],[-131.64093124282942,198.59453674796578],[-129.45129501236067,172.51222511771675],[-156.64312850845442,80.3612908983564],[-156.57946884048567,48.01331421378609]],"rhoDist":[181.73426222512592,211.1708840764179,218.91816450994176,198.71120334684622,175.8361094400976,185.58732041760476,236.0977273053042,243.4011051214515,189.51112326792605,174.92548351976703,185.0396746147234,231.82084237252542,317.94529902243653,447.0253597617185,304.75919592480994,308.35808795263534,244.05779780631948,222.15590003886874,187.24391913127644,176.94407153498534]},"features":[7.044351297268471,174.92548351976703,2.0129970529709267],"projected":{"root":[0.7874838267506419,-0.15611761566642282],"xy":[[-0.1535475754955454,-0.051516123087810305],[-0.15629076350599885,-0.1153421912019949],[-0.15437700982606914,-0.1318598337453756],[-0.09752489347752341,-0.15946197341233678],[-0.05057027412454376,-0.16480095931429897],[0.04771139959906151,-0.1763303658892327],[0.1220319984786004,-0.1881715633575532],[0.13104010475520414,-0.1906513345903943],[0.13568991341437464,-0.10169768419286801],[0.14333990332954105,-0.04355507450278481],[0.1506256157811808,0.051916153720476706],[0.16396973583031849,0.12901337646126737],[0.17607956074443232,0.24054024362483134],[0.16759170354423522,0.4011799074786531],[-0.0029566640081424107,0.3047075153244662],[-0.007340364397359854,0.3082856491070257],[-0.12700536370470816,0.19864862998025043],[-0.12493415910858616,0.17256493635095732],[-0.15035027194678627,0.08043472332036833],[-0.15026689870403856,0.048086976676881645]],"resolution":null}},{"normal":[-0.11262936538071924,0.9114252894736551,0.3957506383593088],"root":[-54.84184297868761,110.2393286753509,1548.5129580740202],"cov":[[0.0012115682369471226,0.0003459249719958299,-4.848086333434545e-7],[0.0003459249719958299,0.00027073810399413776,-0.00007480971639267468],[-4.848086333434545e-7,-0.00007480971639267468,0.00003342705401172094]],"n":59,"id":"h","colors":{"mean":[207.18644352787632,206.42373170893072,187.72881756899721],"cov":[[20.884150052984864,20.872313896007835,20.86638169332097],[20.872313896007835,21.80844372811106,21.529658450411322],[20.86638169332097,21.529658450411322,22.996014207999686]]},"roughness":3.270964476668388,"rot":[[0.9180619120597839,0.023319322615861893,-0.39575064182281494,0],[0.023319322615861893,0.9933633804321289,0.11262936890125275,0],[0.39575064182281494,-0.11262936890125275,0.9114252924919128,0],[0,0,0,1]],"poly":{"xy":[[-284.22267487089516,-83.8222958152577],[-305.86268951933266,-217.07655301740613],[-313.13148834745766,-282.01420560529675],[-207.86415436308266,-303.48197904279675],[-58.71120026152016,-336.70060697248425],[116.55662200410484,-368.21318021467175],[257.91160247285484,-391.68656888654675],[270.71018645722984,-369.9398342674061],[295.66099212129234,-190.34591642072644],[327.27109954316734,-52.26019254377333],[339.31943938691734,107.12662538835558],[367.57627532441734,212.06469759294544],[259.86057708222984,248.08959993669544],[169.16453216035484,251.81765779802356],[87.31089446504234,271.497696250172],[-81.04445221464516,297.84065279314075],[-172.75246002714516,304.47277864763294],[-194.33461334745766,251.6816562111095],[-225.93104889433266,163.4429095680431],[-246.97597076933266,37.956138938160265]],"rhoDist":[316.32689873811194,389.62337191631053,432.4110394350095,370.9946098918128,343.9352235987347,405.49671378794363,491.6873394513391,481.9611295784619,376.99925697188473,355.92735084673956,376.51217340865486,439.84325887728744,369.7108917133949,307.0635337779822,285.4115218571351,315.57655269407513,365.60271707431514,336.1393082651002,301.12918623359553,272.0538104238177]},"features":[9.17912158647992,272.0538104238177,3.270964476668388],"projected":{"root":[1.5485129580740202,-0.05484184297868761],"xy":[[-0.2589311800287549,-0.09102017432130251],[-0.2819054518977401,-0.22389470618774984],[-0.2900929611974763,-0.28857089671504804],[-0.1939516471090567,-0.30744143409098523],[-0.05779463946002933,-0.3369614572438388],[0.10237721756013395,-0.3641777670802246],[0.23160245514514755,-0.3841990697393257],[0.24385946652327423,-0.3622982052893345],[0.27095385896601,-0.1833143453809601],[0.3031939596218411,-0.04540791556258076],[0.31797187396998666,0.11320207419950654],[0.3463604830674733,0.21810264418440312],[0.2483108814383968,0.25137660636098913],[0.16513323443327685,0.252964952232074],[0.09044545393908322,0.2706056106536131],[-0.06350087461196556,0.29284780674218064],[-0.1475398452863907,0.29729734916604716],[-0.16858465106539786,0.2443532993386369],[-0.1996498023432891,0.15596335089258548],[-0.22189660968714434,0.030818633021426386]],"resolution":null}},{"normal":[-0.07309896677277734,0.9958196250732264,-0.05477057034367269],"root":[-6.933738493447681,221.2902842789245,1068.0933222269841],"cov":[[0.0012154004814304053,0.000023853016804544196,0.0000905294096165977],[0.000023853016804544196,0.0010688843696620215,0.00006054011783129775],[0.0000905294096165977,0.00006054011783129775,0.000014622739517876469]],"n":695,"id":"h","colors":{"mean":[206.34532499265114,219.36402932918972,221.978417725443],"cov":[[4679.909770403366,4759.650295325577,4683.730102909836],[4759.650295325577,4903.716903094527,4855.20031842325],[4683.730102909836,4855.20031842325,4847.515421177483]]},"roughness":12.331587305917331,"rot":[[0.998496949672699,-0.002006029011681676,0.0547705702483654,0],[-0.002006029011681676,0.997322678565979,0.07309896498918533,0],[-0.0547705702483654,-0.07309896498918533,0.995819628238678,0],[0,0,0,1]],"poly":{"xy":[[-244.50500435589038,-78.24282095479451],[-266.4451899027654,-187.65460989522418],[-281.8700556254216,-310.4609758620211],[-232.48358101604663,-329.59424612569296],[-112.89294380901538,-353.84702322530234],[76.46124320270337,-262.8394243483492],[235.14471488239087,-341.4472124342867],[236.54937796832837,-323.49424002217734],[251.80938773395337,-160.5692369704195],[256.5913701558284,-83.26861593770467],[270.6466680073909,84.75619485331096],[273.9067998433284,198.0640638108305],[266.6664433980159,287.55321481180704],[165.05963187457837,264.87609078836954],[24.922668983953372,291.7591169114164],[-119.95019478557788,381.3175580735258],[-125.71032662151538,379.93907906961954],[-165.78936714885913,227.00499703836957],[-189.90966744182788,136.06774117899457],[-228.50781197307788,33.22892167521037]],"rhoDist":[261.1882312365506,331.066570319187,424.699547016129,408.8594396514588,375.51819504839216,275.50708030336057,416.4740050783014,402.73569053069417,299.81776847524503,270.53756768826963,283.6633124908122,338.0349868401247,392.27073696413225,312.096206708397,292.9058971188283,399.82767208645464,400.2546812699094,281.95274369471156,235.5232715199526,234.3816578249437]},"features":[5.495879934174051,234.3816578249437,12.331587305917331],"projected":{"root":[1.0680933222269842,-0.006933738493447681],"xy":[[-0.24452824960319006,-0.07827384498009357],[-0.2662159747440262,-0.1873486902897252],[-0.28137130299749663,-0.3097953209026558],[-0.2320206768007842,-0.32897643587398073],[-0.11256113844754863,-0.35340418268264057],[0.0763258759927537,-0.2630200907741349],[0.23492852808931614,-0.34173574386831274],[0.23629506571353576,-0.32383365520347535],[0.251205306646074,-0.16137546745321119],[0.2558250342227723,-0.08429139814639351],[0.2695221436203388,0.08325536018446414],[0.2725500764430827,0.1962533271664592],[0.2651410847762068,0.28551741093917005],[0.1637324842731042,0.2631048271733661],[0.02375222602169937,0.2901969974981917],[-0.12108254351779116,0.379806280724543],[-0.1268312523224626,0.3784430473494064],[-0.166543261866424,0.2259988193673383],[-0.1904448853829489,0.1353534181721551],[-0.22877871734134375,0.03286736066919606]],"resolution":null}},{"r":184.3982294110062,"xc":1033.6390027761415,"yc":305.3220868110657,"zc":1239.494897676026,"root":[859.4508513332939,324.7327270808371,1186.1724509671114],"h":591.9971837997437,"error":41337.70542368169,"id":"cyl"},{"normal":[0.0019259018998623188,0.9995234750548909,0.03080768923608064],"root":[-80.42387187842166,-37.56110428318833,3115.6567049893465],"cov":[[0.0012123135265527084,0.00013917705151275062,-0.000006625677576458804],[0.00013917705151275062,0.001198621422048623,-0.0000372125303290811],[-0.000006625677576458804,-0.0000372125303290811,0.000010607938760506158]],"n":66,"id":"h","colors":{"mean":[152.3030364242467,157.60606641119176,145.33333963968536],"cov":[[60.74684938452929,63.84892952111341,60.31840582918584],[63.84892952111341,69.57995552285922,64.5621865999871],[60.31840582918584,64.5621865999871,62.25025056094599]]},"roughness":7.651447283652729,"rot":[[0.9995253086090088,-0.000029673363314941525,-0.03080768883228302,0],[-0.000029673363314941525,0.999998152256012,-0.0019259018590673804,0],[0.03080768883228302,0.0019259018590673804,0.9995234608650208,0],[0,0,0,1]],"poly":{"xy":[[-1275.7926913174715,-255.85487568017209],[-984.0653963955965,-326.42646991845334],[-1050.3827792080965,-1189.7094289028282],[-702.3798495205965,-994.3604298793908],[-237.6962557705965,-798.0156422817346],[15.782259854403492,-295.83140766259396],[77.93484774502849,-175.31288349267209],[84.49832430752849,-84.67706501122677],[87.87088290127849,-39.281198617183804],[117.25931063565349,-31.425630685054898],[140.2519864169035,22.911622885501743],[141.5810879794035,96.63171375159061],[220.1553067294035,292.5590800083045],[231.1889981356535,703.2430247104529],[123.94046297940349,870.9504221713904],[-181.4633456143465,917.3502024448279],[-695.4933749112215,979.5693186557654],[-1479.6215487393465,1123.2009714877968],[-2138.3977328213778,732.4625071323279],[-2433.4595003995028,559.5029124057654]],"rhoDist":[1301.233840540049,1036.804356451679,1587.058462530382,1217.660392822636,832.6713657708061,296.2982011746486,192.0326549613532,119.85226306708675,96.50346759168036,121.78085295996323,142.31583864309005,171.4936449552944,366.14290861925815,740.5496927640007,880.0532743398829,935.7058611379151,1202.1508866362562,1858.920529179756,2260.8336725354147,2497.8583402393842]},"features":[27.610122234853858,96.50346759168036,7.651447283652729],"projected":{"root":[3.1156567049893464,-0.08042387187842166],"xy":[[-1.2748714418921483,-0.25579728499218246],[-0.9832805270553749,-0.3263774048509017],[-1.049540814489634,-1.1896567945933065],[-0.7017088679986748,-0.9943184843580003],[-0.23725167179906337,-0.7979878497034317],[0.016091623695146905,-0.29581206819172123],[0.07821113342973657,-0.17529561185892487],[0.08476880503751531,-0.08466015626653754],[0.08813841573098016,-0.039264474156577564],[0.11751266056058825,-0.031409792849960455],[0.1404928100403955,0.022926677655447678],[0.14181909319525224,0.0966465923325146],[0.22035020130045635,0.29257126358435215],[0.2313664689708712,0.7032541190647258],[0.12416386502928395,0.8709643878547302],[-0.18109635439022195,0.9173731444152678],[-0.6948842353271619,0.9796073982102959],[-1.478644469105299,1.1232620523273593],[-2.1370963574017385,0.7325438608935241],[-2.432012935731246,0.5595933424805924]],"resolution":null}},{"normal":[-0.04530062393525443,0.9989050400560066,-0.011686505969900809],"root":[-1129.538335492534,19.548864376160406,935.6197211973129],"cov":[[0.0011384033314383714,0.0003553286126168805,0.000055784012415864825],[0.0003553286126168805,0.0009378138267047495,0.00002708603285905594],[0.000055784012415864825,0.00002708603285905594,0.000026057690170649667]],"n":248,"id":"h","colors":{"mean":[156.70161637207192,67.25403378631229,55.18145299122308],"cov":[[1865.9518987930255,1558.300423359478,1520.7728292072868],[1558.300423359478,1544.4703217195267,1515.7412978866316],[1520.7728292072868,1515.7412978866316,1526.91947465426]]},"roughness":12.153477502947187,"rot":[[0.9999316930770874,-0.00026484800036996603,0.011686505749821663,0],[-0.00026484800036996603,0.9989733695983887,0.04530062526464462,0],[-0.011686505749821663,-0.04530062526464462,0.9989050626754761,0],[0,0,0,1]],"poly":{"xy":[[-381.37362744731286,-3.327631304340912],[-306.1975410215316,-104.34984810121591],[-203.13339307231286,-217.5003607965284],[-105.9620673887191,-311.0966742730909],[-13.365387701219106,-377.6396430230909],[13.183989740187144,-383.6857856012159],[167.18386766987464,-242.9199164605909],[276.78897020893714,-215.3476508355909],[379.09268114643714,-125.34765083559091],[373.77127001362464,-115.19872505434091],[153.97024462299964,1.7370659612840882],[148.63357470112464,105.06140678159659],[202.97048876362464,266.1914116644091],[194.94204638081214,309.1894585394091],[29.319853997999644,312.22113578550284],[-28.778961919969106,95.22290580503409],[-70.86935498637536,97.94885795347159],[-112.27157666606286,86.34509818784659],[-472.54562451762536,161.52838676206534],[-484.984009527391,120.01306693784659]],"rhoDist":[381.5196582190416,324.5937299417802,300.2261705832891,330.7376294722433,379.96488815009945,386.80805909309703,296.5130758798323,352.343266566715,400.38920618789876,392.270807245977,154.19289984728968,182.97094147810094,335.0431304203876,365.750321048486,313.8675242876738,99.64399656750628,122.07114324795921,143.93743748116404,500.36751663044066,499.899108278095]},"features":[52.096760180642,99.64399656750628,12.153477502947187],"projected":{"root":[0.9356197211973128,-1.1295383354925341],"xy":[[-0.3814635539833744,-0.0036762152354499053],[-0.30626584840234444,-0.10461462929228971],[-0.20317877458403374,-0.21767627400800255],[-0.10598929929717471,-0.3112022338344485],[-0.013381322469852356,-0.37770141126786916],[0.01316784230430176,-0.3837483782120825],[0.1671199166916578,-0.24316781084595793],[0.27671022804449613,-0.21565288057563303],[0.37898311279965224,-0.12577237268878644],[0.37365937732747256,-0.1156324567881496],[0.15384239954681425,0.0012414976765317905],[0.14847872900533401,0.1044611754848281],[0.2027692555586379,0.2654113675891422],[0.19472997376914428,0.30836739746718783],[0.029118294525564182,0.3114398269935591],[-0.02891908026474358,0.09467976241731786],[-0.07100731948414188,0.09741406356361441],[-0.11240363914025522,0.08583318192350259],[-0.4726729835493815,0.16103470254052016],[-0.48509952346161933,0.11956529809168927]],"resolution":null}},{"normal":[0.7942781083308684,0,-0.607554348701692],"root":[-1215.2734768077225,697.003610540528,2196.288579988691],"cov":[[0.000525805019991628,0.0006652343661152221,-0.0001426895467309649],[0.0006652343661152221,0.0008699552233642539,0.000001737197121896894],[-0.0001426895467309649,0.000001737197121896894,0.0032862592199352394]],"n":677,"id":"v","colors":{"mean":[94.90251302124831,53.78138909520832,18.742984385839065],"cov":[[13.321039313449631,14.860723558935586,9.719818048132446],[14.860723558935586,18.76658450779052,11.15186039866295],[9.719818048132446,11.15186039866295,9.639202526316625]]},"roughness":204.59182129556712,"rot":[[0.6308777332305908,0.4825671315193176,0.6075543761253357,0],[0.4825671315193176,0.36912229657173157,-0.794278085231781,0],[-0.6075543761253357,0.794278085231781,2.220446049250313e-16,0],[0,0,0,1]],"poly":{"xy":[[-13.864019441815799,-3.4772556141524547],[-251.3064022543158,-175.09932592665245],[-232.5241756918158,-170.50484350477745],[-45.0024471761908,-63.262778075089955],[-12.209234285565799,-44.199545653214955],[2.568109464434201,-20.425497801652455],[3.623773526934201,-9.637045653214955],[10.705804776934201,-14.465658934464955],[8.297845792559201,-4.284750731339955],[17.8713321206842,-3.2301853016524547],[1.260248136309201,0.32975122178504535],[438.1884707925592,302.4454128428788],[407.4243106363092,321.30155297959755],[10.960199308184201,15.468911378035045],[1.163080167559201,5.392251221785045],[-0.2851620199407989,3.4332668467850453],[-0.7680721761907989,1.1649562999100453],[-3.638921785565799,2.6868068858475453],[-3.657232332440799,1.2617580577225453],[-5.279302644940799,0.47989770616004535]],"rhoDist":[453.06369844885955,566.0562828708655,551.1442238097094,294.2089054556025,284.78481586875057,281.4622822780447,271.4230581967394,265.68635911850777,281.11657864900866,280.5023333554902,303.68697699466406,587.6244428503587,623.312816137781,446.1531810590286,443.24260359852093,343.8118869656982,60.871027446113416,248.2973183824228,434.6245283615566,39.539818136281966]},"features":[0,39.539818136281966,204.59182129556712],"endpoints":[[2.5413963745701915,-0.9512957350448851],[1.931341106033328,-1.4179354767933174]]},{"normal":[0.9506558416265953,0,0.3102474347697811],"root":[994.7650062668491,672.4686440481266,2700.081183635013],"cov":[[0.00011032520239674259,-0.000278042650867575,-0.00010264650986141924],[-0.000278042650867575,0.0008215299114015594,0.00005207126490857445],[-0.00010264650986141924,0.00005207126490857445,0.0034241837471080875]],"n":284,"id":"v","colors":{"mean":[110.88028268075325,67.7676079230724,20.242958386284364],"cov":[[28.694837202031756,32.919648117813885,13.636000808158055],[32.919648117813885,40.40970556229288,15.772055391168523],[13.636000808158055,15.772055391168523,9.222230822311769]]},"roughness":184.51818740493496,"rot":[[0.9037465453147888,-0.2949385344982147,-0.31024742126464844,0],[-0.2949385344982147,0.09625346958637238,-0.9506558179855347,0],[0.31024742126464844,0.9506558179855347,2.220446049250313e-16,0],[0,0,0,1]],"poly":{"xy":[[-19.036750041263076,-4.679068766849127],[-8.583625041263076,-4.048331462161627],[-1.2523262131380761,-0.9190590012241273],[-3.576544963138076,-5.315360270755377],[-0.17078324438807613,-1.2881996262241273],[1.2408378493619239,-4.436515055911627],[2.908562458736924,-6.118582927005377],[12.664177693111924,-14.326468669192877],[410.1021659743619,-135.65630265356788],[497.2266776931119,-133.39458390356788],[36.390007771236924,6.091316975338373],[29.074822224361924,10.884346760494623],[13.857537068111924,14.404732502682123],[3.092888630611924,4.311165608150873],[0.030632771236923872,17.505318440182123],[-2.010626994388076,17.617806233150873],[-10.800421916263076,22.564827717525873],[-45.404425822513076,35.78955916283837],[-307.3248359787631,129.35645369408837],[-341.4473945725131,110.71753767846337]],"rhoDist":[253.1018424238554,162.1190689972856,35.19327915428023,244.40098496886583,41.40319385689098,9.796699145284403,28.661821937538672,248.53693147752264,581.6868912840731,622.3371820194074,407.57522872341735,396.75410294331687,398.52792269309407,66.4753762711381,393.48411135305696,400.5984080859537,397.98408446434945,404.7640763309318,522.2266933623406,463.60209263637273]},"features":[0,9.796699145284403,184.51818740493496],"endpoints":[[3.056300517005883,0.8785124892627796],[2.2218940925237987,1.1508218165878552]]}]