[{"normal":[0.00006285824413284755,0.9997490458579827,-0.02240181588386491],"root":[-724.2670076849457,150.97647473022664,951.0830174603201],"cov":[[0.0012042275705332448,-0.000019809170236946416,-5.195874076923955e-7],[-0.000019809170236946416,0.0011864511101818908,0.00002658657650665706],[-5.195874076923955e-7,0.00002658657650665706,0.0000028900236165494686]],"n":601,"id":"h","colors":{"mean":[240.08319556465165,238.66389448452313,235.65224740945558],"cov":[[42.99640727679298,50.8385409901655,52.27638527512105],[50.8385409901655,66.21943810134135,67.4630380437595],[52.27638527512105,67.4630380437595,70.1500239755983]]},"roughness":7.023465592502439,"rot":[[0.9997490644454956,7.041577418931411e-7,0.02240181528031826,0],[7.041577418931411e-7,1,-0.00006285824201768264,0],[-0.02240181528031826,0.00006285824201768264,0.9997490644454956,0],[0,0,0,1]],"poly":{"xy":[[-113.2067967571951,-35.102132940054275],[-175.8587742962576,-126.27516760802303],[-175.28669177672634,-128.01210608458553],[-72.82172595641384,-222.01924719786678],[-55.75379382750759,-237.78902258849178],[14.048208125617407,-137.54616370177303],[32.18279064514866,-94.37752356505428],[55.54546154358616,-73.13344397521053],[88.8675440631174,-30.490621709585525],[112.5945948443674,-3.0266324517730254],[169.0577296099924,52.711526727914475],[217.9545801959299,150.67728600525822],[239.4614161334299,181.30613122010197],[147.5403956256174,249.84147057557072],[72.15642345764866,224.82206139588322],[-0.750070682976343,113.08286461853947],[-26.713327518913843,80.69101891541447],[-44.41755115172634,56.503152704476975],[-68.11371814391384,22.374063349008225],[-92.40107165953884,0.8760164740082246]],"rhoDist":[119.56320074607042,217.56811190052142,218.9708289355034,234.60965173817073,245.59108785754054,138.48186021012796,99.7618549034053,91.8383118246216,94.0057680808089,112.65456905666645,177.22000158233584,264.99125890279237,301.32723683971153,291.18346895082504,236.28870052080532,114.15376242393478,85.37596833439035,76.83790299194393,77.14513280762515,93.01557814670919]},"features":[7.621635320818313,76.83790299194393],"projected":{"root":[0.7242670076849457,-0.9510830174603201],"xy":[{"x":0.035101584003701794,"y":0.11340243014259943},{"x":0.12627466260840461,"y":0.1760387492323824},{"x":0.12801160067869888,"y":0.17546681150127735},{"x":0.22201866945473725,"y":0.07302762568195414},{"x":0.23778843279568704,"y":0.05596398789199779},{"x":0.13754552495540942,"y":-0.013820567684319798},{"x":0.09437687213437741,"y":-0.03195062968861782},{"x":0.07313277613550226,"y":-0.055307452633368906},{"x":0.03048993049012909,"y":-0.08862120293138419},{"x":0.003025924578993722,"y":-0.11234231869682454},{"x":-0.052712274249519374,"y":-0.16879132316492762},{"x":-0.15067806776439657,"y":-0.2176759719636404},{"x":-0.18130692806292845,"y":-0.23917743228161314},{"x":-0.2498422025560832,"y":-0.14727952781270662},{"x":-0.22482274034362057,"y":-0.0719144557982383},{"x":-0.11308349244938047,"y":0.0009738209817754809},{"x":-0.08069162852802735,"y":0.026930585091138215},{"x":-0.05650374989831442,"y":0.044630382842753065},{"x":-0.02237464392443896,"y":0.06832062726276664},{"x":-0.0008765799897869085,"y":0.09260190095243243}],"resolution":null}},{"normal":[-0.005609364142348949,0.999973067057823,0.004732884204109609],"root":[-732.273883802319,39.867648474231565,1770.0846908362203],"cov":[[0.0012104003899957533,-0.0000783539557024927,0.000007160609601085512],[-0.0000783539557024927,0.0012443331481555972,-0.000006328971028895231],[0.000007160609601085512,-0.000006328971028895231,0.000005549104533513089]],"n":221,"id":"h","colors":{"mean":[200.42986750602722,204.95022922754288,197.6470622420311],"cov":[[10.730462216000232,10.210487552121416,10.5113924936232],[10.210487552121416,11.002036925782827,10.950979086687905],[10.5113924936232,10.950979086687905,12.60572186771042]]},"roughness":6.954397862817229,"rot":[[0.9999887943267822,0.000013274414413899649,-0.0047328840009868145,0],[0.000013274414413899649,0.9999842643737793,0.005609364248812199,0],[0.0047328840009868145,-0.005609364248812199,0.9999730587005615,0],[0,0,0,1]],"poly":{"xy":[[-778.6501205237203,-248.21079637346224],[-878.6332748205953,-569.4264335804935],[-716.7684066565328,-563.083782213306],[-477.60812833622026,-668.5023613148685],[-36.81491544559526,-872.7103691273685],[1.9802505700297388,-857.2943535023685],[193.53103182002974,-566.9889335804935],[194.17861482784224,-244.7433281117435],[211.50576326534224,-125.53843309221224],[166.95107576534224,-12.608562486743494],[185.20400545284224,55.695758802319006],[169.54726717159224,109.305133802319],[171.10073396846724,167.86452100935026],[148.27175447627974,320.60731886091276],[106.01052400752974,332.77992628278776],[-50.43063810184526,357.78245924177213],[-419.08993985965776,1006.5150337046628],[-692.6943099768453,822.957836133862],[-893.0776107580953,538.5942420786862],[-576.1271713049703,4.7238960093502556]],"rhoDist":[817.8599855702328,1047.3925635245766,911.8518902180015,822.0950119971305,874.0291061590381,857.5716341851811,599.3839115743542,313.4337824518539,246.21134300582594,167.59472452443515,193.68321768719886,201.8149848264257,239.8490973246613,353.2824107296259,349.3333883756174,361.41215924062845,1090.3412907902714,1075.7022571575808,1042.9871184776582,576.9945680535425]},"features":[26.08229182243049,167.59472452443515],"projected":{"root":[0.7322738838023191,-1.7700846908362202],"xy":[{"x":0.2482733211143958,"y":0.7785973654607182},{"x":0.5694852319516145,"y":0.8785836638709682},{"x":0.5631405317101165,"y":0.7167205244384721},{"x":0.6685542775807344,"y":0.47756432414230143},{"x":0.8727532213792519,"y":0.03677875898634198},{"x":0.8573369333066185,"y":-0.0020161771524078785},{"x":0.5670335379469276,"y":-0.19356866662069042},{"x":0.2447929936736877,"y":-0.19422051999706444},{"x":0.1255897440606551,"y":-0.21154905674137234},{"x":0.012662241583764054,"y":-0.166996367342771},{"x":-0.055641247391200556,"y":-0.18524999929279973},{"x":-0.10924957113723019,"y":-0.16959414800394038},{"x":-0.16780805766865045,"y":-0.17114837474316605},{"x":-0.3205481494230452,"y":-0.14832167851236347},{"x":-0.3327200043439223,"y":-0.10606108296407794},{"x":-0.357720067280895,"y":0.05037799507161849},{"x":-1.006437541695835,"y":0.41902455620917295},{"x":-0.8228796000366767,"y":0.6926282985040361},{"x":-0.5385178198162285,"y":0.8930131297029079},{"x":-0.004660080297590035,"y":0.5760733269891977}],"resolution":null}}]