[{"normal":[-0.0015179912367463129,0.9999965552582835,0.0021413019805958935],"root":[-603.7684106445313,36.60636639912923,1557.202206624349],"cov":[[0.0011642956813228177,-0.000009659688508304572,0.000001788081110841982],[-0.000009659688508304572,0.0012011723639684287,-0.000002586744995176356],[0.000001788081110841982,-0.000002586744995176356,0.0000023054116811663335]],"n":300,"id":"h","colors":{"mean":[203.37666974365712,208.30333611667157,201.39333652853966],"cov":[[20.95161433514839,19.932633282752874,21.00848033058262],[19.932633282752874,20.80197980149689,21.5089896839867],[21.00848033058262,21.5089896839867,23.653109029715143]]},"roughness":6.870461684281944,"rot":[[0.9999977350234985,0.0000016252415662165731,-0.0021413019858300686,0],[0.0000016252415662165731,0.9999988675117493,0.001517991186119616,0],[0.0021413019858300686,-0.001517991186119616,0.999996542930603,0],[0,0,0,1]],"poly":{"xy":[[-315.76507283528645,-100.04268554687496],[-948.195614827474,-370.7965307617187],[-661.3825655110677,-702.4549780273437],[-514.519101155599,-756.3847875976562],[-3.220761311848946,-878.5017309570312],[226.07709025065105,-993.7132788085937],[415.74835489908855,-718.3139868164062],[442.86493204752605,-591.7641821289062],[417.14300821940105,-302.6533422851562],[392.64972208658855,-118.59078124999996],[378.13751505533855,118.38761230468754],[369.32709025065105,189.53571411132816],[275.55951212565105,200.36917968750004],[158.27435587565105,236.38053222656254],[1.4074125162760538,267.0630883789063],[-206.20745564778645,878.009560546875],[-344.37188435872395,811.1700372314453],[-501.90789510091145,670.073395690918],[-679.7930879720052,413.5353021240235],[-353.48125935872395,112.64612670898441]],"rhoDist":[331.826515472176,1018.3911344360871,965.1113765216041,915.2090300878026,879.0364306232135,1019.1533795414998,830.400699013774,739.2782520594956,515.7530988893823,410.3012250682306,396.39249644906806,415.25688367634143,340.7076016490427,284.5457285716583,267.08344118381325,902.0221900565472,881.3508331813484,837.3079531140341,795.7242627274596,372.1862614570199]},"features":[28.317555046452064,267.08344118381325],"projected":{"root":[0.6037684106445312,-1.557202206624349],"xy":[{"x":0.10005826338953264,"y":0.3157430984888418},{"x":0.3708128245075878,"y":0.9481726306168569},{"x":0.7024704235122017,"y":0.6613607778705882},{"x":0.7563999322586324,"y":0.5144977378619523},{"x":0.8785159039375459,"y":0.0032007686857310085},{"x":0.993726946383633,"y":-0.22609636994396756},{"x":0.7183276634312942,"y":-0.4157676473441558},{"x":0.5917779604772482,"y":-0.44288436799938113},{"x":0.30266749553709055,"y":-0.41716297301607785},{"x":0.1186051863772475,"y":-0.3926700421824884},{"x":-0.11837291055677944,"y":-0.37815825356894245},{"x":-0.189520916071017,"y":-0.3693479645958122},{"x":-0.20035421677043358,"y":-0.2755806190485203},{"x":-0.23636533720227432,"y":-0.1582957902125669},{"x":-0.26704760305700487,"y":-0.0014292563515071366},{"x":-0.8779930338982546,"y":0.2061841429009357},{"x":-0.8111533630414473,"y":0.3443483634877178},{"x":-0.6700566280314304,"y":0.5018842423803936},{"x":-0.41351854092865614,"y":0.6797694443698761},{"x":-0.11263024251885059,"y":0.35345885287377843}],"resolution":null}},{"normal":[-0.001905795713730646,0.9995522222430115,-0.029861730555254682],"root":[-688.8071590695611,151.71491424914814,975.3872352713969],"cov":[[0.0011875321357890838,-0.000026817843094006177,0.0000014630215582697142],[-0.000026817843094006177,0.0012144455160892369,0.0000362305586833756],[0.0000014630215582697142,0.0000362305586833756,0.000003861209542899938]],"n":603,"id":"h","colors":{"mean":[237.72139398909326,237.19900596052852,234.1442797744452],"cov":[[279.04170166361854,245.3864698958466,245.50535390891184],[245.3864698958466,227.4372755955066,227.2743073144175],[245.50535390891184,227.2743073144175,228.71596471926458]]},"roughness":7.982674546580493,"rot":[[0.9995540380477905,-0.000028461550755309872,0.029861731454730034,0],[-0.000028461550755309872,0.9999982118606567,0.0019057957688346505,0],[-0.029861731454730034,-0.0019057957688346505,0.9995522499084473,0],[0,0,0,1]],"poly":{"xy":[[-119.49764786905314,-37.48855626247018],[-199.8751503104594,-144.48342930934518],[-199.78219376749064,-164.33639561793893],[-93.73483048624064,-260.17135655543893],[-54.63943253702189,-284.12326085231393],[18.67117537313436,-192.03549229762643],[55.49716414266561,-144.83828770778268],[100.11227644735311,-91.51058995387643],[124.10580672079061,-57.17416417262643],[147.9764121895406,-28.188263293720183],[173.8537315254781,10.756988171123567],[245.0643028145406,105.16513026096732],[204.0455039864156,151.07913172581107],[123.23617781454061,214.38162196018607],[33.17752302938436,192.00488245823294],[-2.8129554862406394,108.29556238987357],[-27.08303605264689,73.98239100315482],[-41.34426652139689,53.02535975315482],[-66.20797501749064,24.318572643779817],[-88.03060685342814,0.5502620969048166]],"rhoDist":[125.65739696167044,246.96747634056553,261.1515529521591,277.27752064551385,290.8145067765544,195.2265877112182,157.3446342265787,138.2240338211684,138.83315019214703,152.66585136732738,175.58962295518344,267.35000934937455,254.61981324751753,248.56026797360488,196.2387373682209,108.40069255864553,80.45728006969226,71.91134084922764,76.10450219111931,88.45755606244737]},"features":[7.587910573100557,71.91134084922764],"projected":{"root":[0.688807159069561,-0.9753872352713969],"xy":[{"x":0.03750414503563753,"y":0.1197419068631608},{"x":0.14449653606483795,"y":0.20008051880728156},{"x":0.16434946895748967,"y":0.19998703867311704},{"x":0.2601872740894481,"y":0.09398424080249977},{"x":0.28414024759491113,"y":0.05490559618026895},{"x":0.1920547328453259,"y":-0.01836969707354581},{"x":0.14485866211091966,"y":-0.055177919570795673},{"x":0.09153233103863416,"y":-0.09977161747202996},{"x":0.0571966505203732,"y":-0.12375347029105258},{"x":0.028211481686942874,"y":-0.14761260540933488},{"x":-0.010732962527719042,"y":-0.17347727601946897},{"x":-0.10513890636795202,"y":-0.2446534031458667},{"x":-0.1510539918916273,"y":-0.20365159033177302},{"x":-0.2143586670999027,"y":-0.12287650030672839},{"x":-0.1919845314528706,"y":-0.03285864507500552},{"x":-0.10827638778192733,"y":0.003113400582148396},{"x":-0.07396396948700786,"y":0.02737168102526174},{"x":-0.053007382200842064,"y":0.041625955067203985},{"x":-0.024301354895203613,"y":0.0664777582713023},{"x":-0.0005337086278825646,"y":0.08828998157451488}],"resolution":null}},{"normal":[-0.00485288365430033,0.9995441979728726,-0.02979674175148375],"root":[-599.3002117681323,7.671927475425665,817.5121232907078],"cov":[[0.0011969474596494976,-0.000008588299782386262,0.000005555275517131223],[-0.000008588299782386262,0.0011791274254468588,0.00003510847988480062],[0.000005555275517131223,0.00003510847988480062,0.0000058550916628458925]],"n":793,"id":"h","colors":{"mean":[205.47162968604292,205.5662072339996,199.92812434180837],"cov":[[95.82065810060001,96.44991242729822,95.5199920436419],[96.44991242729822,98.82715984974385,97.2963028149609],[95.5199920436419,97.2963028149609,98.67366947190982]]},"roughness":8.715318286175869,"rot":[[0.9995560050010681,-0.00007231654308270663,0.029796741902828217,0],[-0.00007231654308270663,0.9999881982803345,0.004852883517742157,0],[-0.029796741902828217,-0.004852883517742157,0.9995442032814026,0],[0,0,0,1]],"poly":{"xy":[[-145.86508959930154,-5.828877587336478],[-115.73117846648904,-42.41957582952398],[-119.24008959930154,-157.12160219671148],[-423.6087114254734,-652.1702472162427],[-0.21329516570779106,-683.4027911615552],[2.655418213198459,-123.64857973577398],[66.49581127960471,-99.70491518499273],[70.40877514679221,-92.51131166936773],[115.10042553741721,-39.76631655218023],[145.63076001007346,-2.8509112787427284],[184.12380200226096,44.87082944391352],[788.0689313967922,259.37671933649165],[552.2592390139797,719.2845181035815],[640.8604353030422,959.3734234380541],[246.7016218264797,762.2186840581713],[-23.12412280242654,83.46757016656977],[-46.25736254852029,79.31272397516352],[-102.50992602508279,83.01731381891352],[-117.85935229461404,66.77079282281977],[-155.98410815398904,3.0691937017260216]],"rhoDist":[146.43535373861155,123.87418182316196,197.26094375025625,777.9633984307438,683.4151624307294,123.79980479860386,123.87855815538857,118.97768870017069,124.94576209025662,148.7385074796268,191.93322789805944,829.9749022588186,907.4719509986677,1154.4016629646185,802.127888751198,86.65306007541388,91.8229505487327,132.1646379492571,135.45981505739834,156.05302350686992]},"features":[131.28547314797436,86.65306007541388],"projected":{"root":[0.5993002117681323,-0.8175121232907078],"xy":[{"x":0.00586678931299466,"y":0.14609786787697343},{"x":0.042459235772951506,"y":0.11597469081427454},{"x":0.1571596574360628,"y":0.11947374905211736},{"x":0.652180460924161,"y":0.4236714236680998},{"x":0.6834432555071379,"y":0.0004617465487117452},{"x":0.12369584427939348,"y":-0.002365213563642621},{"x":0.09975707845171083,"y":-0.06617552843376805},{"x":0.09256384263381585,"y":-0.07008623463415693},{"x":0.039822700688767254,"y":-0.11475422651917469},{"x":0.002909938050370776,"y":-0.1452683351930132},{"x":-0.04480845692557705,"y":-0.18374083427551263},{"x":-0.25926814516104824,"y":-0.7874022851515848},{"x":-0.7191875801104077,"y":-0.5516640390145011},{"x":-0.9592672503638908,"y":-0.6402085318375634},{"x":-0.762143337259758,"y":-0.24623899192350687},{"x":-0.08341973051190861,"y":0.02341785863805815},{"x":-0.07926660617185778,"y":0.04654052620401603},{"x":-0.08297522037407164,"y":0.10276838008966208},{"x":-0.06673000074569078,"y":0.1181098159517517},{"x":-0.0030319089476850904,"y":0.15621303682126522}],"resolution":null}},{"normal":[0.10072499169060078,0.992856076328601,-0.06396317492357433],"root":[-1699.8735601380813,3.2733616111236934,1395.8538364144258],"cov":[[0.001152058403687551,0.00011187461411971078,-0.0001096686823217182],[0.00011187461411971078,0.00116574940940629,0.0000637519025389557],[-0.0001096686823217182,0.0000637519025389557,0.00002123976957060535]],"n":215,"id":"h","colors":{"mean":[200.6093055675196,198.68372428694437,189.5395387854687],"cov":[[8.449912860049624,7.793668321566656,8.737595857612583],[7.793668321566656,8.354133371030912,9.25781543384289],[8.737595857612583,9.25781543384289,14.95098874310066]]},"roughness":9.157811229848965,"rot":[[0.9979470372200012,0.0032328928355127573,0.06396317481994629,0],[0.0032328928355127573,0.9949090480804443,-0.10072499513626099,0],[-0.06396317481994629,0.10072499513626099,0.9928560853004456,0],[0,0,0,1]],"poly":{"xy":[[-384.4062045784883,-54.3158929869187],[-422.6236118050508,-138.4826410337937],[-206.1422885628633,-164.0469720884812],[-87.05146825036331,-180.2759759947312],[-29.847854969113314,-186.9444330259812],[50.431686046511686,-180.0342767759812],[74.68241846838669,-159.6032465025437],[146.1470180777617,-139.1271722837937],[233.0936733511992,-82.7824457212937],[331.2915493277617,-2.4897211119186977],[434.1818081168242,37.5648443177688],[354.7452846793242,235.4798833802688],[351.5430141715117,315.6603033021438],[197.2102504996367,345.9798833802688],[92.59379542151169,313.9166509583938],[-4.017898914425814,289.4118902162063],[-161.6616977425508,223.1927740052688],[-268.5203403206758,224.6521245912063],[-401.50294530114456,151.9300786927688],[-404.9010776253633,125.0028325990188]],"rhoDist":[388.2949608257025,445.02375056675504,265.40692395117065,204.53056612064248,195.05634431204422,192.35196101789168,180.32648447356854,204.115499678535,248.0151158632191,331.3699358334524,437.05665165994077,426.2556562996801,472.91024741727836,398.27011811310877,327.2965912175656,289.4399506322024,275.61061079731917,350.24575441671766,429.536165107009,423.8508492914812]},"features":[304.30675606056195,180.32648447356854],"projected":{"root":[1.6998735601380812,-1.3958538364144257],"xy":[{"x":0.05427486784700557,"y":0.3844322566848869},{"x":0.13813668025502124,"y":0.42284330653460983},{"x":0.1628710037311582,"y":0.20688906122058745},{"x":0.17863237877684748,"y":0.08809519825804919},{"x":0.18508195389385101,"y":0.031030581088226643},{"x":0.17794744172233481,"y":-0.04910648766890303},{"x":0.15754202471317325,"y":-0.07337348522692495},{"x":0.1369391556989431,"y":-0.14475756660992362},{"x":0.08060018790833327,"y":-0.23170787886389366},{"x":0.00039876605956015807,"y":-0.3299637346362284},{"x":-0.03978451690199295,"y":-0.43277225420776144},{"x":-0.23643517128811428,"y":-0.3541386502529884},{"x":-0.3161970443727886,"y":-0.3512021686433653},{"x":-0.34586332779037954,"y":-0.19728426654529996},{"x":-0.3136251137789631,"y":-0.0927789296497867},{"x":-0.2889327702053938,"y":0.0037136443640246796},{"x":-0.222541126463628,"y":0.16124788340516644},{"x":-0.2236475850265551,"y":0.2678824297206054},{"x":-0.1508658446638795,"y":0.40082712705378676},{"x":-0.12406469794535728,"y":0.404305335993154}],"resolution":null}}]