[{"normal":[-0.019590917065887056,0.9997601934728155,0.00978527034456107],"root":[-1093.271195714614,69.00928702260934,1388.0600092869179],"cov":[[0.0011794049960717717,0.000006768250556637285,0.00002304492262654281],[0.000006768250556637285,0.001227881721234962,-0.000011885408556642987],[0.00002304492262654281,-0.000011885408556642987,0.0000044893052717625004]],"n":255,"id":"h","colors":{"mean":[195.96863096952438,200.80392479896545,194.8941212296486],"cov":[[28.92870365926501,28.21261918581149,29.07481271047436],[28.21261918581149,29.571074906227295,29.70978506125539],[29.07481271047436,29.70978506125539,31.109922761992493]]},"roughness":7.943697549538187,"rot":[[0.9999521374702454,0.00009586270607542247,-0.009785270318388939,0],[0.00009586270607542247,0.9998080730438232,0.019590917974710464,0],[0.009785270318388939,-0.019590917974710464,0.9997602105140686,0],[0,0,0,1]],"poly":{"xy":[[-105.76385375755491,-599.8166209879275],[3.524508765230835e-14,-575.5959624741984],[101.14661295565199,-573.630947171298],[193.96831627454816,-532.9235690539534],[283.6057861711198,-491.21963096889425],[401.0336480967374,-477.9332908704489],[429.95342702502035,-360.7737620401021],[436.6565506697514,-252.1037770725944],[460.49438363119083,-167.60624868851497],[475.6171037413291,-83.86412787601331],[493.6604396018795,0],[535.066962522742,94.34674197848447],[583.0491117825807,212.21252180420709],[564.634000307984,325.99159207142975],[566.8063851102764,475.6070286949603],[546.8180810600014,651.6724125987286],[442.033759468846,765.6249300607213],[274.7722884210619,754.9306579287401],[148.05627615969917,839.6688672648004],[8.965835395843204e-14,1464.2320385086653],[-246.77907913534636,1399.55370496229],[-145.044663397235,398.5069374962996],[-186.53649247953336,323.0906824402417],[-225.30923424554362,268.513089356777],[-264.1406465152126,221.6403190698433],[-300.1887818507771,173.31407400925198],[-350.1318667454903,127.43757756341891],[-461.12737374845005,81.30919753508824],[-485.6840253917348,5.947913870929899e-14]],"rhoDist":[609.0697592025273,575.5959624741984,582.4801291589619,567.1254166157491,567.2115723422395,623.8976017168482,561.2643377118554,504.20755414518885,490.04788741030876,482.95426420696873,493.6604396018795,543.3212328864648,620.4679050208458,651.9831841428596,739.9131867630337,850.6979176631324,884.0675189376917,803.3804259283814,852.6221129926377,1464.2320385086653,1421.144076782,424.08222506100964,373.0729849590669,350.51894412746617,344.81112536989934,346.628148018504,372.6025500260488,468.2410067731603,485.6840253917348],"resolution":10},"features":[15.487088444600326,344.81112536989934],"perimeter":[{"x":1.6931787448603373,"y":-1.2823415723213882},{"x":1.6689525960881537,"y":-1.3881026838049058},{"x":1.666978261733038,"y":-1.4892446420807908},{"x":1.6262697982409022,"y":-1.5820658032767367},{"x":1.5845652712950782,"y":-1.671702979049161},{"x":1.5712702242254444,"y":-1.7891264920172145},{"x":1.4541304089127585,"y":-1.8180561174523815},{"x":1.3454806378556188,"y":-1.8247693375401226},{"x":1.260997041502927,"y":-1.8486141292719513},{"x":1.177269543194478,"y":-1.8637441530297338},{"x":1.0934197812606032,"y":-1.8817946643903949},{"x":0.999087177441975,"y":-1.9232082490386846},{"x":0.881239419310788,"y":-1.9711993997736714},{"x":0.7674839514172155,"y":-1.9527960772115676},{"x":0.6178970214898933,"y":-1.9549827005371558},{"x":0.4418673450727695,"y":-1.9350122316606484},{"x":0.32794674285932135,"y":-1.8302438510963512},{"x":0.33865499662973625,"y":-1.6629893635966815},{"x":0.25394519801648435,"y":-1.5362875419218252},{"x":-0.3704839108481419,"y":-1.3882982272330706},{"x":-0.3057943337829033,"y":-1.141524764010003},{"x":0.6950505552178364,"y":-1.2431583455016837},{"x":0.7704563135259535,"y":-1.201661273504212},{"x":0.8250271486632004,"y":-1.1628851562795395},{"x":0.8718946453765619,"y":-1.124051109965588},{"x":0.9202150710929409,"y":-1.088000067984247},{"x":0.9660875503700722,"y":-1.0380549765942977},{"x":1.0122177175372153,"y":-0.9270603622313487},{"x":1.0935136638693068,"y":-0.9024970918778077},{"x":1.6931787448603373,"y":-1.2823415723213882}]}]