[{"normal":[-0.01587038731512103,0.9998716950307919,0.0021735415153905906],"root":[-896.5784355089503,36.65414680555029,1712.8421796780187],"cov":[[0.001186507185240486,0.000032863219256974366,0.000018761306179367804],[0.000032863219256974366,0.0011619091624583161,-0.0000020041629277486663],[0.000018761306179367804,-0.0000020041629277486663,0.000004647841278265371]],"n":206,"id":"h","colors":{"mean":[197.01942093164018,202.05825558275853,195.49029480919097],"cov":[[38.869185366892765,38.03751715780168,39.45912010263166],[38.03751715780168,39.28164251954947,39.83147595149289],[39.45912010263166,39.83147595149289,41.12792061660259]]},"roughness":7.305888351059866,"rot":[[0.999997615814209,0.00001724857975204941,-0.0021735415793955326,0],[0.00001724857975204941,0.9998740553855896,0.015870386734604836,0],[0.0021735415793955326,-0.015870386734604836,0.9998716711997986,0],[0,0,0,1]],"poly":{"xy":[[-133.3775165725896,-756.4214848838873],[4.423976981068609e-14,-722.4902697085812],[107.28262598792749,-608.4300063261793],[157.4916639676644,-432.70479050349303],[227.88037161410918,-394.70038168331354],[339.4149893080606,-404.4990328882066],[306.6965710267851,-257.34897963191173],[292.77660068580406,-169.0346492183725],[303.32519061229425,-110.40134068599721],[257.9989432707591,-45.49217469290749],[275.1518640137567,0],[275.1649826624314,48.519010589563635],[277.94865773498435,101.16503806977875],[271.6569629953995,156.84122071263008],[266.6713026780919,223.76379172275168],[257.88364995893465,307.33376630986805],[262.0118373140226,453.817814412358],[204.89300897188812,562.9389155543757],[99.75957578472725,565.7646684806986],[3.405542605640961e-14,556.1673142022717],[-103.50836058724157,587.0250835768575],[-439.3863419196131,1207.204052840905],[-617.0254700760433,1068.7194637357775],[-760.2551792241435,906.0368411287279],[-851.3609621357307,714.3766693268261],[-452.5259047310176,261.26595291173186],[-517.595728810505,188.38943867034536],[-577.2167430516852,101.77888551667769],[-628.4514249823579,7.696310260242376e-14]],"rhoDist":[768.09050555323,722.4902697085812,617.8160198934147,460.47482009766344,455.76074322821825,528.035986060122,400.3639394315801,338.06929843674504,322.79192568162273,261.9789928355295,275.1518640137567,279.40984605451246,295.78678345108534,313.6824414252602,348.11466237171555,401.19573879884484,524.0236746280451,599.0670811946612,574.4925004400175,556.1673142022717,596.0808917083947,1284.6797198761276,1234.0509401520872,1182.747096813033,1111.372805824925,522.5319058234638,550.8138697286096,586.1212417206973,628.4514249823579],"resolution":10},"features":[28.278414020271548,261.9789928355295],"projected":{"root":[0.8965784355089503,-1.7128421796780187],"xy":[{"x":0.756487223583503,"y":0.13336851327670612},{"x":0.7225579812235634,"y":-0.000009273484380838944},{"x":0.6085102324231005,"y":-0.10729361341682973},{"x":0.432806281869811,"y":-0.1575055637984477},{"x":0.3948054453213778,"y":-0.2278947606882103},{"x":0.40460093864420643,"y":-0.33942894589191236},{"x":0.2574699822056717,"y":-0.3067131430304995},{"x":0.16916701443497398,"y":-0.2927947288693049},{"x":0.1105409083902049,"y":-0.30334430521821276},{"x":0.045640699044572436,"y":-0.25801928454145273},{"x":0.0001539578943813993,"y":-0.275172949439614},{"x":-0.04835894230741513,"y":-0.2751869049413045},{"x":-0.10099838742047322,"y":-0.277971481507186},{"x":-0.15666744953308004,"y":-0.2716807619654833},{"x":-0.2235815061399459,"y":-0.26669626774504446},{"x":-0.3071408041262787,"y":-0.25791007724823795},{"x":-0.45360647484108246,"y":-0.26204078149307075},{"x":-0.5627128477609363,"y":-0.20492397026631506},{"x":-0.5655364314020045,"y":-0.09979083417534133},{"x":-0.5559385651290984,"y":-0.0000313285112251874},{"x":-0.5867906628214495,"y":0.10347625530626568},{"x":-1.2068857316682968,"y":0.4393427459902791},{"x":-1.0684155196603435,"y":0.616983843173486},{"x":-0.9057509152291643,"y":0.7602160200151912},{"x":-0.7141133101769104,"y":0.8513248935739222},{"x":-0.26106653907625216,"y":0.45249859385059915},{"x":-0.18819808073608252,"y":0.5175695212324438},{"x":-0.10159740716947772,"y":0.5771918885403269},{"x":0.00016954376744556055,"y":0.6284282049808605},{"x":0.756487223583503,"y":0.13336851327670612}],"resolution":10}},{"normal":[-0.07867005829869445,0.9968735188968889,0.00736269308162963],"root":[-1234.185075984589,17.604408972230676,941.851529390518],"cov":[[0.001205358270177367,-0.000006094606416355072,0.00009516801911554917],[-0.000006094606416355072,0.0011769780200973532,-0.000009173872908172895],[0.00009516801911554917,-0.000009173872908172895,0.000011779609787986761]],"n":365,"id":"h","colors":{"mean":[188.76712723545833,187.45205882069183,177.4328813356896],"cov":[[35.74645879728811,35.05033641601683,39.21801314053579],[35.05033641601683,35.30166507832441,38.70648539255124],[39.21801314053579,38.70648539255124,47.8623043475011]]},"roughness":9.836239184665315,"rot":[[0.9999728798866272,0.0002900651888921857,-0.007362693082541227,0],[0.0002900651888921857,0.9969006776809692,0.07867005467414856,0],[0.007362693082541227,-0.07867005467414856,0.9968734979629517,0],[0,0,0,1]],"poly":{"xy":[[-64.18751558791317,-364.02549020016033],[2.3670809428874368e-14,-386.5736544668211],[92.7938647835238,-526.2601583188624],[197.46881134848633,-542.5411002265107],[317.95697635671365,-550.7176376708042],[446.029856258562,-531.5576836004203],[626.7330703581213,-525.8914881841038],[799.6432878277357,-461.6742674830205],[844.6143514974518,-307.4144833791241],[680.3012365132163,-119.95546300661074],[420.98660921040243,0],[541.5551351178444,95.4907818624943],[552.3176601397778,201.02718815043565],[504.679603008671,291.3769046515696],[160.73566901250982,134.87324058543035],[130.56584231198232,155.60231164539402],[162.86816984075477,282.0959450999443],[113.47605833139231,311.77290791421586],[49.701903075895984,281.8734993147303],[1.4404456526189276e-14,235.24262728189416],[-40.339484608710876,228.77658567413044],[-66.40866568468401,182.4563094247804],[-135.1743988434618,234.12892667945565],[-306.21723627484795,364.93549144482006],[-454.93621834948954,381.73681302624334],[-496.92226217909854,286.89820183542025],[-515.0568981168703,187.46537986802093],[-552.736972654911,97.46244151417804],[-388.14563891669394,4.7534131430233354e-14]],"rhoDist":[369.6411701539963,386.5736544668211,534.3785695321782,577.3601795156787,635.9139527134272,693.8992748725697,818.1419185110913,923.3485349660411,898.8198191777453,690.7959796542981,420.98660921040243,549.9094960020396,587.7641772666566,582.7538093031393,209.8255139846308,203.12439185885026,325.7363396815095,331.7817986624879,286.22185238953546,235.24262728189416,232.30583326987116,194.16594893783855,270.3487976869237,476.3894506681255,593.8770556146849,573.7964036708406,548.112102536364,561.26383140696,388.14563891669394],"resolution":10},"features":[57.62322890914967,194.16594893783855],"projected":{"root":[1.2341850759845892,-0.941851529390518],"xy":[{"x":0.3637025727533904,"y":0.06421773727711344},{"x":0.38616223416315926,"y":0.000038504629193366404},{"x":0.5253888866088474,"y":-0.09271232288142948},{"x":0.5415890058808993,"y":-0.19737970529463195},{"x":0.549705252082041,"y":-0.3178622276742857},{"x":0.5305675316254622,"y":-0.4459371884094026},{"x":0.5248664819295953,"y":-0.6266371405136303},{"x":0.46079813661180063,"y":-0.7995612911590712},{"x":0.3070034105678701,"y":-0.8445758793899065},{"x":0.12017304983318808,"y":-0.6803216003601149},{"x":0.0006645870227675884,"y":-0.42104880759159713},{"x":-0.09456520974110957,"y":-0.5416417589694348},{"x":-0.19977764528632705,"y":-0.5524346042580323},{"x":-0.28983351969348425,"y":-0.5048240476677818},{"x":-0.13371514659882966,"y":-0.1608440544741126},{"x":-0.15437122012674512,"y":-0.1306810595776515},{"x":-0.28048217733788633,"y":-0.16301920159278363},{"x":-0.31005283439893094,"y":-0.11363703918795656},{"x":-0.2802275953919489,"y":-0.049855942435817126},{"x":-0.23372683121627452,"y":-0.00014186262787714077},{"x":-0.22726912895116327,"y":0.040198402455918956},{"x":-0.1810848529488554,"y":0.06628031172988316},{"x":-0.23257737295652356,"y":0.1350291896735609},{"x":-0.3629289109100157,"y":0.3060294413635331},{"x":-0.37963502138393646,"y":0.4547395126762195},{"x":-0.2850781680394557,"y":0.4967519260877358},{"x":-0.1859482613753798,"y":0.5149149117236816},{"x":-0.09621334251423924,"y":0.5526200700776915},{"x":0.0008992881209625892,"y":0.388061474972116},{"x":0.3637025727533904,"y":0.06421773727711344}],"resolution":10}}]