[{"normal":[-0.11465482909259427,0.9838542541482459,-0.1374229848320384],"root":[-975.7703867945178,99.13607090917127,3376.357144059806],"cov":[[0.0010387397051654999,-0.00039216518360556644,0.00006627405737612025],[-0.00039216518360556644,0.0008415710729632301,0.00007184760994273757],[0.00006627405737612025,0.00007184760994273757,0.000024002988735749156]],"n":58,"id":"h","colors":{"mean":[166.396557005315,151.01724731511084,70.93103719939445],"cov":[[69.42336986571297,73.3831087618206,72.0607835272548],[73.3831087618206,79.27259669068381,75.81473741075617],[72.0607835272548,75.81473741075617,83.65804536686066]]},"roughness":7.414743143678099,"rot":[[0.9904806017875671,-0.007942221127450466,0.13742297887802124,0],[-0.007942221127450466,0.9933736324310303,0.11465483158826828,0],[-0.13742297887802124,-0.11465483158826828,0.9838542342185974,0],[0,0,0,1]],"poly":{"xy":[[-492.76046437230616,-18.503905197669724],[-444.03854054418116,-206.45715226798222],[-324.08272999730616,-336.1114491429822],[-227.60006398168116,-441.6000966039197],[-127.47189015355616,-427.9854725804822],[24.03714304956884,-341.0897206273572],[98.88553172144384,-283.3520497289197],[208.04837351831884,-159.56567277579472],[282.19461375269384,-100.36730851798222],[264.43997508081884,-16.646727463294724],[231.61917429956884,30.806946853111526],[179.95755320581884,120.41473493904903],[154.76687937769384,125.56848249764278],[81.70315867456884,216.80188093514278],[3.90359812769384,297.1152964624865],[-47.51778859105616,297.747986892174],[-118.06246632543116,292.861512282799],[-267.41183155980616,211.53894148201778],[-364.68673390355616,160.26605329842403],[-494.29513234105616,42.548279860924026]],"rhoDist":[500.3223972112447,500.5441276019827,480.78462225498146,509.3474951539341,456.7701260999025,348.1588761769683,303.1575255170906,262.3825432726447,299.5934396651035,265.0221173853312,233.79799760839327,216.70232398148946,199.4496763284945,231.79294766652828,297.26609855206044,302.028743111337,316.71204769110494,341.1639069909593,400.01103881999126,501.48722269918403]},"features":[10.908135548790796,199.4496763284945,7.414743143678099],"projected":{"root":[3.3763571440598064,-0.9757703867945178],"xy":[[-0.4892969544680186,-0.015614227487481877],[-0.43954606727869794,-0.20270898921442476],[-0.3197024194630626,-0.33245686576822864],[-0.22330039515477224,-0.4380127942679495],[-0.1242335105335418,-0.42528362570731554],[0.025143104258264316,-0.34016699439257936],[0.09882041679833432,-0.28340637645155375],[0.20596095648050716,-0.161307247840605],[0.27893120345649847,-0.10309003900027103],[0.2606806507107836,-0.019783209280196223],[0.2277953962730358,0.027616690021941635],[0.17591387730025082,0.11704101277440969],[0.15092207104781627,0.12236067965087238],[0.07782927638176261,0.21356982108176828],[0.0001324530822231771,0.2939689524123971],[-0.050804458514049335,0.29500585042377236],[-0.1206387846862972,0.2907120367659179],[-0.26792055366109807,0.21111450414607633],[-0.3638622379390138,0.1609539472778606],[-0.4913019032820159,0.04504559256751912]],"resolution":null},"type":"ramp"},{"normal":[0.07193450895155551,0.9950090639086938,0.0691548202328921],"root":[-625.2252326734139,64.74942721742572,3830.8513331557765],"cov":[[0.0010067983334730122,-0.0003009146831669245,-0.00005187273642415331],[-0.0003009146831669245,0.001081173718648586,-0.00005338868369205079],[-0.00005187273642415331,-0.00005338868369205079,0.000013413042882955669]],"n":33,"id":"h","colors":{"mean":[213.00000250339508,213.8787903298031,163.6969751390544],"cov":[[2.7676467292449054,2.8823525975732243,2.6176467467688354],[2.8823525975732243,3.3416217053829524,2.817290216725429],[2.6176467467688354,2.817290216725429,4.796166986515335]]},"roughness":6.8898030688403615,"rot":[[0.9976028203964233,-0.0024935314431786537,-0.06915482133626938,0],[-0.0024935314431786537,0.9974062442779541,-0.07193450629711151,0],[0.06915482133626938,0.07193450629711151,0.9950090646743774,0],[0,0,0,1]],"poly":{"xy":[[-183.4057765151515,-42.30320970939863],[-191.4165187026515,-80.61790697502363],[-7.421401515151501,-9.98002855705488],[-86.8352198745265,-159.27305834221113],[-0.9387354995265014,-31.90306322502363],[52.8998875473485,-228.62205736564863],[113.7668309067235,-210.26188890861738],[248.3303074692235,-182.32078783439863],[362.5676121567235,-124.54142992424238],[319.6550145004735,-5.6675285570548795],[53.6694187973485,11.86182935310137],[90.0024266098485,59.08796460700762],[290.4553074692235,319.517743659742],[41.4575047348485,117.79908521247637],[32.7111668442235,108.49232251716387],[-13.202651515151501,135.11451489997637],[-28.2993312026515,75.06355054450762],[-50.1582179214015,68.04231031013262],[-84.1880030776515,31.79768140388262],[-192.1347804214015,8.39613111091387]],"rhoDist":[189.27583349056465,208.8018688230002,12.85004734955782,183.0023951467581,31.920453068177334,234.79255339494168,239.30454322010084,309.5893799710762,385.6808777922759,321.77229659437256,55.235091231645406,108.78529350440955,433.56675324002356,126.28036043076713,114.46894035224098,136.17445040797543,80.57766352577951,84.53425892921923,89.99516210696873,192.87809315501278]},"features":[16.362080351929475,12.85004734955782,6.8898030688403615],"projected":{"root":[3.8308513331557763,-0.6252252326734139],"xy":[[-0.1821690878784309,-0.041016812181231016],[-0.19006508799544095,-0.07921215530105703],[-0.006687177386301939,-0.009216292175537169],[-0.08553835991460285,-0.1579240708951775],[-0.00016538568780922124,-0.03109862849775063],[0.05403470168612839,-0.22744162919665767],[0.11470995457037525,-0.20928085624311552],[0.2488811866908227,-0.1817477659370978],[0.36270056972635184,-0.1244031281044937],[0.3195944253245221,-0.005730553124325384],[0.05420273407597933,0.012416581322023758],[0.09033088539217554,0.059429625841003336],[0.28965385541488753,0.3186840771158523],[0.04175593623946051,0.11810951221767493],[0.033053771572244414,0.10884869829533335],[-0.012816366529984004,0.13551632666999913],[-0.027727117835338426,0.0756587641168163],[-0.04951609725705073,0.06871024111411946],[-0.08337392988108644,0.03264447639876974],[-0.19100358722595365,0.009572792792194331]],"resolution":null},"type":"ramp"},{"r":190.5542452303354,"xc":83.61337486620039,"yc":291.9052345752716,"zc":3075.801203506186,"root":[80.31768965969708,373.75855424332167,2883.4807593657697],"h":598.4838423728943,"error":20355.783079186276,"id":"cyl","type":"avoid"},{"normal":[-0.028902123856709493,0.9995134596468259,0.011726517872070732],"root":[689.0817017519385,46.876007768444545,2432.3720299283364],"cov":[[0.0011858640190718192,0.00002694835284332653,0.000033974508384497305],[0.00002694835284332653,0.0012080001786432869,-0.00001339328742750815],[0.000033974508384497305,-0.00001339328742750815,0.000009444649903434888]],"n":133,"id":"h","colors":{"mean":[144.7067734912822,129.84211026613875,100.06767080802666],"cov":[[17.400474864373734,24.916739048804644,30.534616492401963],[24.916739048804644,44.61036183926513,56.08524920495137],[30.534616492401963,56.08524920495137,78.45141585275232]]},"roughness":6.770694295369773,"rot":[[0.9999312162399292,0.00016950187273323536,-0.011726518161594868,0],[0.00016950187273323536,0.9995822310447693,0.028902124613523483,0],[0.011726518161594868,-0.028902124613523483,0.9995134472846985,0],[0,0,0,1]],"poly":{"xy":[[-452.55623402989886,-36.0606446230322],[-379.73750844396136,-130.63919686912595],[-281.97139516271136,-221.21411752342283],[-119.89424672521136,-333.1198182070166],[-102.80782094396136,-331.3663086855322],[69.56131968103864,-226.1974854433447],[108.89945444666364,-230.69864511131345],[257.79642710291364,-290.6713623964697],[409.02274546228864,-145.94974374412595],[485.93046030603864,-118.23038339256345],[498.06107554041364,80.74849844337405],[475.85209116541364,168.62911367774905],[158.62455210291364,116.2199950254053],[67.22977671228864,95.55159902931155],[30.39457163416364,94.29244375587405],[-5.68916860021136,80.3814940488428],[-54.40523305333636,76.54134512306155],[-73.03536000646136,73.6920409238428],[-155.29512563146136,56.1518797910303],[-340.61421742833636,4.1831297910302965]],"rhoDist":[454.3856775612232,402.00579918164505,358.71771799094296,354.32605749721245,347.31499359777115,237.28347260255478,255.16174342554353,388.81591934010413,434.47943497074516,500.54603077373656,504.5678226653914,504.887961252689,196.647992539246,116.90335909604116,99.33413795638565,80.60559990443686,94.01070452871645,103.76031948901314,165.15306250508317,340.7280845571898]},"features":[22.322008851834788,80.60559990443686,6.770694295369773],"projected":{"root":[2.4323720299283362,0.6890817017519385],"xy":[[-0.4524139578462703,-0.03641131000605159],[-0.37961627141609317,-0.13093800744816508],[-0.2818722343578117,-0.22145851725880938],[-0.11982520057083663,-0.3332899949404117],[-0.10273965263994206,-0.33153432179798065],[0.06963546006802897,-0.22638021783423476],[0.10897012650305292,-0.23087282917424287],[0.2578466936781591,-0.29079525346110163],[0.40908714243470123,-0.14610846172784195],[0.48599426663829826,-0.11838764563681424],[0.4981577749145719,0.08051016534916168],[0.4759652138321003,0.16835030240919982],[0.1587506078064245,0.1159093079488612],[0.06735861451666858,0.09523405496207532],[0.030525729252652237,0.09396918208726426],[-0.005557887350435081,0.08005792766856766],[-0.054271252398191985,0.07621112557011067],[-0.07290058107626604,0.07335985387767303],[-0.15515766259474184,0.05581307727895218],[-0.34047281836419324,0.003834626227596529]],"resolution":null},"type":"preview"},{"normal":[-0.07069692354875048,0.9974776888281903,-0.006340764205860668],"root":[1041.0178876604352,65.48383329028175,2155.6292928059897],"cov":[[0.0010992122159287048,-0.000007124804207206535,0.00007786213782998283],[-0.000007124804207206535,0.001278255294537697,0.000007620635292755025],[0.00007786213782998283,0.000007620635292755025,0.00001840489008256033]],"n":168,"id":"h","colors":{"mean":[104.5238108932972,54.60714342471744,17.071429165412805],"cov":[[13.656831282727728,13.453084007975336,8.97464068418406],[13.453084007975336,14.72290652871012,9.205410106462521],[8.97464068418406,9.205410106462521,8.03102375066934]]},"roughness":10.16369958233544,"rot":[[0.9999798536300659,-0.0002244192874059081,0.006340763997286558,0],[-0.0002244192874059081,0.9974977970123291,0.07069692015647888,0],[-0.006340763997286558,-0.07069692015647888,0.9974777102470398,0],[0,0,0,1]],"poly":{"xy":[[-500.61855061848973,-25.701725551060235],[-403.67494710286473,-137.20050484793524],[-313.65199788411473,-251.10004098074774],[-180.95253499348973,-253.74664742606024],[-20.453511555989735,-196.05951363699774],[54.448832194010265,-178.71814400809149],[91.24888102213527,-187.98077828543524],[137.52598063151027,-150.02289254324774],[197.25962320963527,-66.35193307059149],[489.76621500651027,-111.29205758231024],[493.16074625651027,82.22161429268976],[442.04258219401027,238.55755179268976],[369.64316813151027,333.05669730050226],[113.93955485026027,338.56597464425226],[120.69077555338527,380.72381155831476],[-115.19643147786473,376.40337698800226],[-189.18556722005223,286.66241019112726],[-350.27980550130223,263.72747366768976],[-444.40102132161473,228.06890433175226],[-494.41628011067723,79.53826468331476]],"rhoDist":[501.99208677516214,427.4522794862941,402.96443866691743,312.9532495065776,197.85893606147903,187.00923102571585,209.48322001666187,203.720021847812,208.12023749002287,502.33937589085986,500.12144006712356,502.34124772881563,497.6582757519711,359.29519110432005,399.4353268616315,395.9564092292246,346.177798766431,440.89953094519973,500.94641521972954,500.80751036663145]},"features":[16.22990436132451,187.00923102571585,10.16369958233544],"projected":{"root":[2.15562929280599,1.0410178876604352],"xy":[[-0.5006661138324068,-0.026232035903071466],[-0.4036994391237844,-0.13747358084860392],[-0.3136527406367586,-0.251108322368476],[-0.18095535477535882,-0.25377808683884273],[-0.020472507972544386,-0.1962713159001418],[0.05442443640299966,-0.17899014708469113],[0.0912258232324371,-0.18823786319548225],[0.1374934728932436,-0.15038534050888175],[0.1972071357736054,-0.06693714648206676],[0.4897179254198257,-0.1118304666931362],[0.49306896014398566,0.08119823673608684],[0.44191674018951593,0.2371544649908283],[0.3694975759535632,0.33143340415484235],[0.11379787309419244,0.33698628110073275],[0.12053949687676782,0.3790371162818222],[-0.11534199262086431,0.3747804298692939],[-0.1893094995035688,0.28528061599589516],[-0.35039534823302526,0.26243921953836996],[-0.4445066671079186,0.22689099708980276],[-0.4944875860478415,0.0787432326927517]],"resolution":null},"type":"preview"},{"normal":[-0.14899752550318143,0.9748956959674728,-0.16546334753662337],"root":[1385.7908096313477,24.650350362062454,3295.082820892334],"cov":[[0.0010148534331311974,-0.0005289603847011637,0.00006532708532971825],[-0.0005289603847011637,0.0008469312098021549,0.00006290138006668208],[0.00006532708532971825,0.00006290138006668208,0.000039383128558955804]],"n":64,"id":"h","colors":{"mean":[101.79687653202564,57.78125041513704,17.875000730564352],"cov":[[4.3762975554110914,2.07932686245051,2.436538398747619],[2.07932686245051,5.554423258960821,4.280769333818059],[2.436538398747619,4.280769333818059,4.540000105669068]]},"roughness":12.181350228822614,"rot":[[0.9861369132995605,-0.012483509257435799,0.16546334326267242,0],[-0.012483509257435799,0.9887587428092957,0.14899753034114838,0],[-0.16546334326267242,-0.14899753034114838,0.974895715713501,0],[0,0,0,1]],"poly":{"xy":[[-196.93560409545898,-25.153480529785156],[-106.83013534545898,-75.35453033447266],[-169.53887557983398,-225.09683990478516],[-158.75982284545898,-273.74112701416016],[-66.85479354858398,-303.69144439697266],[9.615665435791016,-318.20865631103516],[167.64032363891602,-293.44571685791016],[261.322940826416,-245.55435943603516],[290.396427154541,-189.46012115478516],[154.69574356079102,-35.480140686035156],[116.01703262329102,0.36360931396484375],[88.41351699829102,30.885826110839844],[63.813419342041016,65.91402435302734],[37.976993560791016,93.42122650146484],[15.811466217041016,131.09139251708984],[-57.185359954833984,190.66805267333984],[-287.294734954834,410.15377044677734],[-362.580867767334,343.33638763427734],[-419.451961517334,270.09358978271484],[-394.132869720459,46.000205993652344]],"rhoDist":[200.03560427072557,133.76890164989456,283.86539205612974,319.0377634680133,314.0363276019327,318.94300932948613,337.98522291569793,358.73895279386534,350.3664347618616,165.57750516759265,124.06537114478215,100.55658938757499,103.19102832413088,112.02909867543354,140.96850805695047,201.9710496783972,501.6918159683857,500.61119799735616,500.31218189103646,398.02810585712695]},"features":[40.52385470256493,100.55658938757499,12.181350228822614],"projected":{"root":[3.295082820892334,1.3857908096313476],"xy":[[-0.19554610158091537,-0.023902252149423604],[-0.10606308606121734,-0.07466381274056141],[-0.1660331810169828,-0.22194000896420976],[-0.15479630763242305,-0.27017203471771756],[-0.06379147921383088,-0.30093297091924],[0.01180009011735033,-0.3162416111796149],[0.16732491286192763,-0.29372974003275804],[0.259110949050576,-0.24754622836616547],[0.2870811346105542,-0.19244549763076788],[0.1513394686753088,-0.038502421210938914],[0.11274950765962925,-0.0025787530965243766],[0.08514763714751326,0.02794494510244079],[0.06045129754486056,0.06288647876254955],[0.034629657548667606,0.09040699531214551],[0.012301156607245848,0.1279304057886317],[-0.06042743518386617,0.18774860740758972],[-0.2900867396266285,0.4076396076821286],[-0.36349505999118653,0.3425131697965135],[-0.41866341855821254,0.2708036621426135],[-0.3908978552263688,0.04891329316227545]],"resolution":null},"type":"preview"},{"normal":[0.026063393297585672,0.9992018960246207,0.030269960532155332],"root":[929.4215393066406,34.02246829986572,3208.713544921875],"cov":[[0.0009995132301983372,0.00006798543387593013,-0.00002813107434725365],[0.00006798543387593013,0.0010958972699465469,-0.00003497260998925597],[-0.00002813107434725365,-0.00003497260998925597,0.000014031019891046272]],"n":50,"id":"h","colors":{"mean":[126.50000294744969,99.44000167250633,56.20000120997429],"cov":[[10.443154636677354,17.52942422452821,24.15688351352069],[17.52942422452821,36.596466225828046,49.345097491434345],[24.15688351352069,49.345097491434345,71.84510646217123]]},"roughness":8.41142431255642,"rot":[[0.999541699886322,-0.0003946264332626015,-0.030269959941506386,0],[-0.0003946264332626015,0.9996601939201355,-0.02606339380145073,0],[0.030269959941506386,0.02606339380145073,0.9992018938064575,0],[0,0,0,1]],"poly":{"xy":[[-494.1171093749999,-83.23013305664062],[-469.1971874999999,-172.88088989257812],[-334.6508007812499,-373.9987487792969],[-217.13834960937493,-450.7147216796875],[-123.98747070312493,-457.6701354980469],[23.643876953125073,-324.5883483886719],[113.18782226562507,-248.77023315429688],[157.84651367187507,-214.63943481445312],[256.5296191406251,-123.79495239257812],[372.4795703125001,-9.822418212890625],[412.2393359375001,18.199493408203125],[392.1831835937501,180.14608764648438],[158.34016601562507,124.78939819335938],[54.75764648437507,93.10287475585938],[6.234941406250073,48.947174072265625],[-14.246015624999927,64.30471801757812],[-23.843916015624927,41.614715576171875],[-44.67057617187493,47.880584716796875],[-80.03629882812493,30.027923583984375],[-183.36564453124993,7.329498291015625]],"rhoDist":[501.4322742142664,500.45841924333735,501.86899452813105,500.36648116110007,474.3492777266115,325.7952108603035,273.53080235766004,266.5665589980349,284.88471951116713,372.8671650070594,412.7678264170202,431.77075491774133,203.27306458238445,112.77883357652897,49.54980817155456,67.34603550459106,47.98777378611573,66.41667618302807,85.69070452641365,183.66439219579607]},"features":[30.36808504753201,47.98777378611573,8.41142431255642],"projected":{"root":[3.208713544921875,0.9294215393066406],"xy":[[-0.4935551021217586,-0.08274622703827082],[-0.46861122294201063,-0.1723763558771769],[-0.33404713485346516,-0.3734789733247008],[-0.21655826762086897,-0.4502152527426463],[-0.12344733666287848,-0.4572050630078003],[0.024063831278343596,-0.3242267544337155],[0.11353681714429441,-0.24846973752689303],[0.15816157174705378,-0.21436815984809704],[0.2567635993248128,-0.1235934880544319],[0.3726154319566915,-0.009705437040653736],[0.4123459167728866,0.01829126287806123],[0.39223504812307225,0.18019074464643256],[0.1585210502558687,0.12494514524462481],[0.05499850881243974,0.09331026483752972],[0.0065154675767152,0.04918871597660117],[-0.013962163152819661,0.0645491239728838],[-0.02354671057708615,0.04187061885779622],[-0.04436629817452788,0.04814257769522293],[-0.07970876694652002,0.030309938892154317],[-0.18298179753697455,0.007660002692145221]],"resolution":null},"type":"preview"},{"normal":[-0.03707494024697098,0.9993013308241857,-0.004722183678630229],"root":[-165.97337642596784,-2.06364578259093,2296.4576143884356],"cov":[[0.0011914224848086317,-0.00006729360200406848,0.000043884805645108706],[-0.00006729360200406848,0.0012966199014169126,0.0000036305075862970036],[0.000043884805645108706,0.0000036305075862970036,0.000006873451668584775]],"n":157,"id":"h","colors":{"mean":[175.89809388681581,172.14650175374024,114.3885358617564],"cov":[[16.889044991484546,16.641415415190256,20.184913163889743],[16.641415415190256,17.833735679479055,21.361160693731442],[20.184913163889743,21.361160693731442,30.42657602572743]]},"roughness":7.397118712087626,"rot":[[0.999988853931427,-0.000087567932496313,0.00472218357026577,0],[-0.000087567932496313,0.9993124604225159,0.03707493841648102,0],[-0.00472218357026577,-0.03707493841648102,0.9993013143539429,0],[0,0,0,1]],"poly":{"xy":[[-240.66952845093556,-0.27770694805559515],[-297.92221399781056,-105.35902103496966],[-356.95126673218556,-352.36378177715716],[-228.24472376343556,-444.72852787090716],[-64.43979212281056,-496.0164307029384],[149.75503209593944,-478.15772708965716],[274.28896764281444,-418.96424564434466],[339.72842076781444,-367.95667728496966],[439.75063756468944,-239.3899658591884],[492.51211217406444,-98.36219486309466],[495.80947545531444,72.88913265155378],[280.68764928343944,112.95483318255964],[170.85220006468944,146.4858771889073],[175.75381139281444,287.86463466571394],[7.662746939689441,480.89903560565534],[-45.04843470093556,263.17460170672956],[-180.95492884156056,466.59596553729597],[-310.80649134156056,404.53998104022565],[-335.18979212281056,227.45221248553815],[-341.12790247437306,108.44123760150495]],"rhoDist":[240.6830321624458,316.0902353008163,501.8202254244324,500.06511374881467,500.41275619503085,501.26760779960506,500.89001888102194,500.88153336168824,500.79269823330884,502.2570451710618,501.1386303772298,302.5779973313847,225.06098904503395,337.2774309579531,481.4231180896544,267.02741262397285,500.7437298601111,511.04636424542156,406.3062195562633,359.24908221611975]},"features":[485.2400267762308,225.06098904503395,7.397118712087626],"projected":{"root":[2.2964576143884354,-0.16597337642596785],"xy":[[-0.24071404168462882,-0.0006271904903509061],[-0.29795688691598954,-0.10563124601755322],[-0.3569636515799543,-0.3524610180394964],[-0.22825045593792162,-0.4447735324791605],[-0.06444286010468886,-0.49604051812785827],[0.14974801126260887,-0.4782128492521844],[0.2742753743813853,-0.4190709694377301],[0.33970963100647794,-0.3681041999834105],[0.43971947389429317,-0.23963463893767237],[0.4924680105236516,-0.09870844697125597],[0.4957503409039197,0.07242485381178415],[0.280627405602595,0.11248184631471042],[0.1707902451790682,0.14599945526237176],[0.17567942159248526,0.2872805833898877],[0.007573328304395927,0.4801969895214518],[-0.045118199749190575,0.26262686041341926],[-0.1810409912571799,0.4659202698986368],[-0.3108856713559662,0.4039183207019964],[-0.3352531929711637,0.22695443797605963],[-0.34118081554793034,0.1080258050021135]],"resolution":null},"type":"reactive"},{"normal":[-0.04225952435393478,0.9990678249312787,-0.008809868810773025],"root":[-1118.8888161399148,-29.492731643445566,2352.438731800426],"cov":[[0.001242740026694226,0.000059927886261323956,0.00005309505312455854],[0.000059927886261323956,0.0011459399513686185,0.000012639887193234457],[0.00005309505312455854,0.000012639887193234457,0.000008489689937902377]],"n":132,"id":"h","colors":{"mean":[200.71970020505515,201.8257607451894,167.6742476292632],"cov":[[75.85509462570842,96.19963537648853,155.07477075947602],[96.19963537648853,124.26383800053534,200.21431880745394],[155.07477075947602,200.21431880745394,326.6096785406617]]},"roughness":8.976575358820826,"rot":[[0.9999611973762512,-0.00018623723008204252,0.008809869177639484,0],[-0.00018623723008204252,0.9991066455841064,0.04225952550768852,0],[-0.008809869177639484,-0.04225952550768852,0.9990678429603577,0],[0,0,0,1]],"poly":{"xy":[[-501.023936878551,-11.655373313210248],[-319.5472523082385,-106.93674538352275],[-213.372569691051,-196.96176979758525],[-58.53834117542601,-134.92832253196025],[-14.321788441051012,-321.23972389914775],[47.81615101207399,-194.68088600852275],[220.703358043324,-314.43247292258525],[336.098865855824,-371.76035378196025],[449.554432262074,-219.00559303977275],[497.623524058949,-59.50571511008525],[496.424061168324,3.870505593039752],[432.860096324574,262.17055442116475],[236.621326793324,264.38283469460225],[290.704578746449,409.14089133522725],[72.26146351207399,494.76052024147725],[-157.738536487926,507.2393410422585],[-289.540538441051,408.9141457297585],[-379.0980335582385,328.02785422585225],[-472.4276234019885,165.41945578835225],[-486.818858753551,116.34145285866475]],"rhoDist":[501.3274307080496,336.99175268255726,290.6660670538812,147.24659817923546,321.63548659931377,200.83095859839312,384.50964164616477,501.4317973888521,500.2241206608476,501.3053153452216,496.5181601109602,506.0784799503018,354.8503416455632,501.98493585217614,500.31688440280345,531.3647442112247,501.075073532117,501.3158646144069,500.6638562127527,500.5339706980635]},"features":[34.874120058463895,147.24659817923546,8.976575358820826],"projected":{"root":[2.352438731800426,-1.1188888161399146],"xy":[[-0.5010904126527758,-0.011974246915091923],[-0.3196030289735986,-0.10720429708023867],[-0.2134157025757251,-0.19716867131104587],[-0.05859903843522124,-0.13521947752911487],[-0.014349504287709244,-0.32137267235978895],[0.04776245269241915,-0.19493846821501876],[0.2206652495840819,-0.3146152730750079],[0.33606695375319234,-0.3719134310078884],[0.4494896666238318,-0.21931626339427845],[0.497527187322345,-0.059967826947859244],[0.49631596798870603,0.0033519999881693368],[0.4327063659282019,0.2614331344244581],[0.23647480335626875,0.2636799853231014],[0.29052899618736866,0.4082986500271039],[0.07207841644177103,0.4938824728730618],[-0.15791497783160152,0.5063929802824955],[-0.2896935507607405,0.4081801702314558],[-0.37923250476973835,0.3273828174427471],[-0.47252818735447266,0.1649370666755952],[-0.48690972381486936,0.11590558776757401]],"resolution":null},"type":"reactive"},{"normal":[-0.04413741942408866,0.9983742807182902,-0.03606499420239982],"root":[3.7261626110013055,85.50204347882952,1659.6704027448382],"cov":[[0.0011637392736961163,0.000007303720425320952,0.00005171192613361473],[0.000007303720425320952,0.0010348025485740634,0.0000377038110994191],[0.00005171192613361473,0.0000377038110994191,0.000006826213041463184]],"n":280,"id":"h","colors":{"mean":[228.71071585267782,244.24285778403282,222.58571621775627],"cov":[[1.094903275723241,0.7532790154351247,0.7453481572020627],[0.7532790154351247,0.8312657880825504,0.7301473455947701],[0.7453481572020627,0.7301473455947701,1.4449922019542856]]},"roughness":7.122014287729703,"rot":[[0.9993491172790527,-0.000796555366832763,0.0360649935901165,0],[-0.000796555366832763,0.9990251660346985,0.044137418270111084,0],[-0.0360649935901165,-0.044137418270111084,0.9983742833137512,0],[0,0,0,1]],"poly":{"xy":[[-47.71361563546316,-7.766888795846276],[-47.14745352608816,-29.6354872569974],[-47.43798086983816,-56.98251026725131],[-33.21215079171316,-101.63794392203646],[-65.36913321358816,-493.9001128063138],[6.280524989536843,-501.0643889293607],[80.70301034109934,-246.4331633434232],[118.57349373953684,-152.0668303356107],[113.03174569266184,-76.44661396598177],[111.87219979422434,-36.004067121499354],[111.55823495047434,33.085280717856115],[109.78906991141184,78.9620469226901],[113.30078866141184,153.70321971321744],[121.18958260672434,354.18808299446744],[113.16284920828684,353.4470856800143],[-9.830681065150657,375.69958812142056],[-42.54576895577566,126.98056346321745],[-46.60338614327566,63.17328959847135],[-42.98094961983816,30.263209642416662],[-48.14281485421316,14.06685000801725]],"rhoDist":[57.631982987175796,64.6643635854433,81.53975343561798,107.10122077347609,500.43429739899705,501.52504119811664,259.4527282753787,192.86371402902492,136.4942070474009,117.52468862388727,116.39187017583704,135.3673365843804,191.07075972797958,374.7355941239861,371.45578933310685,375.9332745728771,133.93004160767342,83.6555531567168,58.8548766237016,58.44198494878007]},"features":[12.674987377871807,57.631982987175796,7.122014287729703],"projected":{"root":[1.6596704027448381,0.0037261626110013054],"xy":[[-0.048037023413167505,-0.008162684914637803],[-0.047453810252614234,-0.0300104157889746],[-0.047722365082366436,-0.05733054817890345],[-0.033470223658341,-0.10195378122100857],[-0.0652938174946258,-0.4938079391750522],[0.006314912768611084,-0.501022304136014],[0.08048613081341195,-0.2466985870011762],[0.11825679740375276,-0.15245441279088937],[0.11265842062995698,-0.07690350035231136],[0.111467414718194,-0.03649945521381676],[0.11109862073363273,0.032522791081834944],[0.1092940638080029,0.07835624363651654],[0.11274396139925306,0.15302175784249755],[0.12046792346203679,0.3533048949320614],[0.11244700467674756,0.3525710137152257],[-0.010484198028757228,0.37489979449989447],[-0.04297987414229873,0.1264492925420519],[-0.046984024317568145,0.06270745320728048],[-0.043337730831806656,0.02982657011581889],[-0.048483335060617874,0.013650111186762669]],"resolution":null},"type":"step"},{"normal":[-0.06448363150050768,0.9978965553614959,0.006657782376121732],"root":[-48.34252729526087,-10.036698881317587,1107.2771100725447],"cov":[[0.001179616359480418,0.000038856011249371174,0.00007596704424171644],[0.000038856011249371174,0.00123050086983445,-0.000005698817440994304],[0.00007596704424171644,-0.000005698817440994304,0.000007318214567861232]],"n":595,"id":"h","colors":{"mean":[176.84874415397644,171.5109293460846,105.61680802702904],"cov":[[22.218934523489253,23.842250837763185,27.21394407973881],[23.842250837763185,28.860363995141327,32.13001421728678],[27.21394407973881,32.13001421728678,41.50457883210784]]},"roughness":5.720183801932574,"rot":[[0.9999778270721436,0.00021488498896360397,-0.006657782476395369,0],[0.00021488498896360397,0.9979187250137329,0.0644836351275444,0],[0.006657782476395369,-0.0644836351275444,0.9978965520858765,0],[0,0,0,1]],"poly":{"xy":[[-482.05622384207595,-130.30299577602818],[-433.75922677176345,-247.78836259731725],[-353.03486153738845,-353.107393359036],[-226.55939767020095,-444.93045244106725],[-1.9417829241072013,-499.63214311489537],[84.2342424665178,-492.4755879391141],[203.8762102399553,-456.541475390286],[308.0663957868303,-395.00885209927037],[334.0151262555803,-242.54760942348912],[347.9479875837053,-86.28616533169225],[383.4914446149553,123.37082471957729],[401.2108049665178,288.34600629916713],[320.5715227399553,383.1602763186984],[170.2437639508928,469.8915995608859],[140.9318743024553,479.4581583987765],[-122.7883405412947,484.13351240268275],[-275.07477852957595,417.1829813968234],[-368.9499616350447,337.3004130374484],[-417.45991036551345,275.3966349612765],[-492.5925397600447,86.00833311191127]],"rhoDist":[500.1492866022588,500.00201369647095,500.02850435527904,500.0423038981689,500.1132908833338,500.07483378080286,500.3308181641439,501.3912228372137,413.1434640810668,358.5778537260428,402.85311792412193,494.09590708901527,500.02856835406084,500.5196539192348,500.39946717379763,500.08421812148447,500.1062521842115,500.0307770006045,500.14422544488497,500.3603027109361]},"features":[100.42267427973766,358.5778537260428,5.720183801932574],"projected":{"root":[1.1072771100725447,-0.048342527295260874],"xy":[[-0.4820069511002343,-0.13078022455108287],[-0.4337362714069346,-0.24801069568106227],[-0.35303632863203566,-0.35309318388428046],[-0.22658340219322148,-0.44469795778603705],[-0.0019825254683228035,-0.49923753315933206],[0.08419312582567973,-0.49207735468867775],[0.2038401608800021,-0.45619232104553165],[0.3080412572624494,-0.39476537412851936],[0.334022173656058,-0.24261586668240398],[0.347988304103775,-0.08667664905084801],[0.38357602469547725,0.12255162841117519],[0.4013304426093853,0.2871872616541142],[0.32071332363918775,0.38178687051839133],[0.1704075373366519,0.46830538029743324],[0.14109835372247456,0.47784572997043945],[-0.12261500546440074,0.48245468383889095],[-0.2749124514342034,0.4156107701094588],[-0.3688027173554736,0.33587428563825983],[-0.41732489201927536,0.27408892125230183],[-0.49249655119744995,0.08507864049822247]],"resolution":null},"type":"reactive"},{"normal":[-0.05711954614393124,0.9983367371284477,-0.007817720130311165],"root":[697.3645316388036,25.666503049721847,1048.6655314594636],"cov":[[0.0012150027378443698,4.4042855437896336e-8,0.00006951637326664119],[4.4042855437896336e-8,0.0011935829310217771,0.000009349163130873911],[0.00006951637326664119,0.000009349163130873911,0.000006772179649266767]],"n":697,"id":"h","colors":{"mean":[178.86944499684543,171.77044972413924,113.73170826856683],"cov":[[35.70661333911334,36.60187310583484,39.23865737814328],[36.60187310583484,40.42602836439722,42.57603251824908],[39.23865737814328,42.57603251824908,52.82940927286149]]},"roughness":7.749026258689976,"rot":[[0.9999694228172302,-0.0002234581479569897,0.00781772006303072,0],[-0.0002234581479569897,0.9983673095703125,0.057119544595479965,0],[-0.00781772006303072,-0.057119544595479965,0.9983367323875427,0],[0,0,0,1]],"poly":{"xy":[[-427.3450358539949,-91.5417166973973],[-404.7438395649324,-293.0386649395848],[-394.24585372508864,-305.69030678528793],[-272.3936198383699,-418.3344107891942],[-33.09350997508864,-498.54577553528793],[28.265254673348863,-498.6157676007176],[166.46374100147386,-471.1090537335301],[372.20629471241136,-333.71426308411606],[462.31664627491136,-191.2238456036473],[476.73144119678636,-150.70522988099106],[498.56518143116136,43.255768654165195],[459.48131912647386,197.3994454119777],[370.16759842334886,336.34835898619644],[171.01061600147386,469.88034140807144],[145.32201736866136,452.59591757994644],[-5.212406459463637,374.95114218932144],[-107.48975020946364,314.6404122088527],[-273.9463542133699,203.34701621275894],[-360.24670821727614,173.77389609557144],[-425.11926681102614,61.799836036977695]],"rhoDist":[437.4793540925971,500.2367197750465,500.0312013172199,500.0146602967157,500.21625097838796,500.0095426902005,500.0580626751984,500.11836478140805,500.36642802002797,500.12701100055267,500.4387626155941,500.1366373092401,500.21775969106096,500.0338197786492,475.45928347602,375.06357255656326,333.2891729587316,343.2541155541511,401.50175058086927,430.5713784756845]},"features":[39.89482120150767,333.2891729587316,7.749026258689976],"projected":{"root":[1.0486655314594637,0.6973645316388035],"xy":[[-0.42738968747412004,-0.09186796018445353],[-0.4047441562808984,-0.2930409789994301],[-0.39424366439699093,-0.30567431063484835],[-0.2723699859728276,-0.4181617318430435],[-0.03305927093528511,-0.49829561073258555],[0.028297632768743437,-0.4983791996393278],[0.1664857458615015,-0.47094827698573266],[0.37219130519616156,-0.3338237827843395],[0.4622670601961752,-0.19158614231742746],[0.4766723600439071,-0.1511369015936989],[0.49846209035389727,0.04250254195294553],[0.4593449787220837,0.19640328516448458],[0.37000294030583714,0.33514529763526424],[0.17082221005352063,0.46850376843557767],[0.14513825942122105,0.4512533048510213],[-0.005374210133230781,0.3737689366030449],[-0.10763494892853147,0.31357952939447836],[-0.2740615926394229,0.20250503588028645],[-0.3603526988951885,0.1729994836943942],[-0.4251982519229821,0.0612227376410447]],"resolution":null},"type":"reactive"},{"normal":[-0.04950948068029666,0.9987733101275965,0.0008284319714717164],"root":[-844.6429716965248,-46.2463351880495,1003.4543448421275],"cov":[[0.001180254992387815,-0.000015535768944513822,0.000058518466080833194],[-0.000015535768944513822,0.0011967516313716123,-0.0000017627575225519785],[0.000058518466080833194,-0.0000017627575225519785,0.000009237212214465249]],"n":638,"id":"h","colors":{"mean":[175.8683432746083,165.46708997607604,96.40125577212501],"cov":[[24.352173057675408,27.814136136107507,31.440849662208944],[27.814136136107507,35.63522075574629,41.066389990708146],[31.440849662208944,41.066389990708146,57.06631400604559]]},"roughness":6.855339222136694,"rot":[[0.9999996423721313,0.00002052020499831997,-0.0008284319774247706,0],[0.00002052020499831997,0.9987736344337463,0.049509480595588684,0],[0.0008284319774247706,-0.049509480595588684,0.9987733364105225,0],[0,0,0,1]],"poly":{"xy":[[-395.22839269369,-3.7092011550377038],[-263.142699334315,-101.7668183425377],[-193.1850577327525,-147.10147410425645],[-80.32720861165876,-213.0928681472252],[-4.870482537440012,-263.8547089675377],[101.20471277505999,-319.8538544753502],[272.01818933756,-418.0887177566002],[121.99401941568499,-165.4346650222252],[199.9099129703725,-67.21268015894395],[500.244507696935,-12.147555647225204],[484.33606043131,125.19442433324355],[447.5400399234975,222.71236866918105],[348.4038094547475,358.6793486496498],[184.215210821935,464.5569121262123],[13.706360724278738,500.1116301437904],[-152.78942784994,475.83822316136855],[-284.38177404134626,411.17709034886855],[-368.64874181478376,337.77059620824355],[-401.9040518733775,286.4668242355873],[-407.2963858577525,116.52218312230605]],"rhoDist":[395.7309621961803,282.30149393101453,243.48202963482294,230.3691241280063,265.33589867356955,335.6082018338749,500.09127695218376,205.87487987298022,210.9064199047764,500.39940184690005,500.3481124011767,500.06183628409894,500.354565114668,500.175764304375,500.59040251610014,500.0404419355381,500.0204406162605,500.02144077651,494.2190246865303,424.6683359550386]},"features":[22.595583220930845,205.87487987298022,6.855339222136694],"projected":{"root":[1.0034543448421276,-0.8446429716965248],"xy":[[-0.3952200487817759,-0.004207857363307603],[-0.2631364129377312,-0.10214251150857707],[-0.19317972563324845,-0.1474201357282294],[-0.08032326941995512,-0.2133282855891674],[-0.0048676108979299245,-0.26402632641560986],[0.10120639887864558,-0.3199546208819719],[0.27201780099110345,-0.4180655090538388],[0.12199886709436313,-0.1657243762624051],[0.19991674943101784,-0.06762124673761208],[0.5002523709821897,-0.01261748822202916],[0.48434674746438394,0.12455573645574582],[0.4475527406790078,0.22195333493892716],[0.3484193343199182,0.35775153799204096],[0.18423296469219674,0.46349588970434186],[0.013724902730599134,0.49900350644105246],[-0.1527713267708355,0.47475645053902116],[-0.28436495463830186,0.4101719143793812],[-0.36863339979405974,0.33685371286141164],[-0.4018897511979808,0.2856121746848118],[-0.40728557062959847,0.11587583393760463]],"resolution":null},"type":"reactive"},{"normal":[-0.05875209886866021,0.9978982261603092,-0.027337174408410294],"root":[-1116.7875776656413,-52.55781565809084,1613.8539817889807],"cov":[[0.0011518834349151551,-0.000016122901161847234,0.00006737642489954189],[-0.000016122901161847234,0.0012350464215454848,0.000032884541013193215],[0.00006737642489954189,0.000032884541013193215,0.000014433485315529245]],"n":287,"id":"h","colors":{"mean":[185.81533513418057,179.30662472073624,123.94773720396935],"cov":[[16.004555535031898,15.188369269534531,16.188303383002577],[15.188369269534531,16.371933540013725,16.908336343250184],[16.188303383002577,16.908336343250184,25.251115817526202]]},"roughness":9.123659795195117,"rot":[[0.9996259212493896,-0.0008039029780775309,0.027337174862623215,0],[-0.0008039029780775309,0.9982722997665405,0.05875209718942642,0],[-0.027337174862623215,-0.05875209718942642,0.9978982210159302,0],[0,0,0,1]],"poly":{"xy":[[-86.10276108585572,-26.882344209358735],[-141.76194077335572,-90.03065963904623],[-258.2762229999182,-203.27052780310873],[-98.91831284366822,-300.80727096717123],[-13.189431007730718,-329.98598190467123],[116.82802504695678,-381.71193405310873],[217.77858657039428,-426.26100631873373],[368.1682350078943,-340.50197311560873],[464.9101783672693,-183.91090866248373],[499.9980689922693,-15.858296357796235],[503.4778053203943,4.816630400016265],[355.8302223125818,157.56449416954752],[344.3293678203943,362.77561477501627],[197.18984145320678,459.92881301720377],[59.96474379695678,495.74912551720377],[-153.00229721866822,475.73765090782877],[-262.2876976092932,426.015055692985],[-387.2999046405432,316.1597090132975],[-426.9654319842932,260.70774368126627],[-113.44468003116822,35.367045439078765]],"rhoDist":[90.23444478992074,168.12779331726378,329.07710145961454,317.3716195667762,330.2856452385026,399.23946428584503,478.67368445292857,501.5018535976728,500.25069326209484,500.5468782662844,504.0599839186181,389.5621548477576,500.8800872246668,501.3234431959129,500.1079410341684,500.00822786885914,500.4766539459937,500.01634061312205,500.32717841523197,118.83504829838256]},"features":[19.98457439725592,90.23444478992074,9.123659795195117],"projected":{"root":[1.6138539817889808,-1.1167875776656413],"xy":[[-0.08632231498160538,-0.02735420176118072],[-0.14190991003023162,-0.09034866998933402],[-0.2582895757958633,-0.20329922516501664],[-0.09891286396579213,-0.3007955604294647],[-0.013192592476993111,-0.32999277642380836],[0.11681781272294667,-0.38173388202260106],[0.21776642645409705,-0.4262871404152674],[0.3680308791522268,-0.3407971735153208],[0.4646107518093414,-0.184554425