[{"normal":[-0.003745429813537357,0.9997751837841696,-0.020869922013309745],"root":[-752.6707759561764,150.77076880458227,942.0953092735624],"cov":[[0.0011980878419285072,-0.0000024482713026296337,0.000004437256258403043],[-0.0000024482713026296337,0.0012028101460133218,0.00002509902678400979],[0.000004437256258403043,0.00002509902678400979,0.0000030543542747970867]],"n":594,"id":"h","colors":{"mean":[237.7070716866339,235.73905836151104,232.89562418755858],"cov":[[219.71264459131396,188.6430057709896,192.9778666071719],[188.6430057709896,174.86478195099644,178.0131307184383],[192.9778666071719,178.0131307184383,182.80591524605867]]},"roughness":7.752169742564951,"rot":[[0.9997822046279907,-0.00003908780854544602,0.020869921892881393,0],[-0.00003908780854544602,0.9999929666519165,0.00374542991630733,0],[-0.020869921892881393,-0.00374542991630733,0.9997751712799072,0],[0,0,0,1]],"poly":{"xy":[[-106.03750898059366,-9.766174727417365],[-166.29898358996866,-99.60833781335486],[-148.85330487903116,-113.13092082116736],[-63.83401776965616,-193.61547892663611],[-21.347506539187407,-220.25964396569861],[6.579251273312593,-172.50952189538611],[51.96310137096884,-128.17187541101111],[88.7890901405001,-80.97467082116736],[109.0597200233126,-49.941772871948615],[133.4042024451876,-27.646973067261115],[181.2683381873751,35.675353592895135],[278.3562288123751,169.02874714758264],[263.1764192420626,192.17169148352014],[156.5281038123751,278.2452388468014],[81.14413164440634,253.22582966711389],[-0.15024091418740682,132.34258992102014],[-30.284518257937407,91.37518269445764],[-51.92850019153116,67.38391072180139],[-83.41336347278116,29.279784745238885],[-101.6053190391874,2.489501542113885]],"rhoDist":[106.92250231349716,195.96178768950364,187.87385980779518,204.93712882355916,223.10776349339133,174.22847144717736,141.27993022538786,122.84391302442864,121.93800716233261,138.639343714789,186.28005776347263,326.1560836334055,326.47285037191966,320.1723258734453,266.0681746466369,132.49980440935792,100.38437337776813,85.5289905351035,89.01647568454209,101.89631870765062]},"features":[7.630869471563541,85.5289905351035],"projected":{"root":[0.7526707759561764,-0.9420953092735624],"xy":[{"x":0.009799415742933108,"y":0.10622273135452504},{"x":0.09963859310517262,"y":0.16646756920287867},{"x":0.11316176316660899,"y":0.1490251616154058},{"x":0.1936490798976413,"y":0.0640212458527763},{"x":0.22029471873485024,"y":0.021542946777897524},{"x":0.17254602322312673,"y":-0.00637586210270899},{"x":0.1282104617185977,"y":-0.05174809447717958},{"x":0.08101502766010578,"y":-0.08856421766303314},{"x":0.04998313973838302,"y":-0.10882921956825103},{"x":0.027689447902177918,"y":-0.13316752827523304},{"x":-0.03563056365336611,"y":-0.18101876401525388},{"x":-0.16897922679308325,"y":-0.27808029627914826},{"x":-0.19212260212881072,"y":-0.2629028882842095},{"x":-0.27819971434269736,"y":-0.15627443657052456},{"x":-0.25318342726615156,"y":-0.0809078610839325},{"x":-0.13230421312401242,"y":0.0003640803933777249},{"x":-0.09133827116299875,"y":0.03049019312605387},{"x":-0.06734801350278159,"y":0.05212852320590713},{"x":-0.02924538549754899,"y":0.08360503963609081},{"x":-0.002456001309533841,"y":0.1017919857973913}],"resolution":null}},{"normal":[-0.039504607656356425,0.9989479711179631,0.02328812944876257],"root":[-1162.4391827930435,22.033710055881077,1333.0403860976412],"cov":[[0.0012174124478369034,-0.00003304836589821437,0.000048914495192561875],[-0.00003304836589821437,0.0012540073185488322,-0.00003054117769357858],[0.000048914495192561875,-0.00003054117769357858,0.000007277357170154725]],"n":261,"id":"h","colors":{"mean":[202.72030962952252,206.1570910338698,200.35249367870134],"cov":[[22.467868983752684,22.272773806517588,23.460805603125284],[22.272773806517588,23.21587275525285,23.658576922882204],[23.460805603125284,23.658576922882204,25.005992748916775]]},"roughness":7.621178814769631,"rot":[[0.9997286796569824,0.00046023630420677364,-0.023288128897547722,0],[0.00046023630420677364,0.9992192983627319,0.039504606276750565,0],[0.023288128897547722,-0.039504606276750565,0.9989479780197144,0],[0,0,0,1]],"poly":{"xy":[[-412.59891881248495,-55.28029962883147],[-361.3378714492037,-177.07119318351897],[-224.5706595351412,-268.8891863475815],[-170.0682181288912,-316.7263445507065],[-39.0932425429537,-322.520411933519],[129.9918404648588,-502.828517402269],[249.1905709336088,-515.8640398632065],[420.8351021836088,-412.831691230394],[431.0608101914213,-311.552882636644],[519.5641060898588,-2.2988543163314716],[578.8217965195463,151.84476140632478],[611.7420846054838,435.1421246875748],[593.4889107773588,748.2064862598404],[543.0548287461088,762.9452252735123],[44.9303170273588,1502.747623955153],[-58.2444876601412,1433.8009991992935],[-149.9913138320162,412.8280377735123],[-225.8282278945162,310.4001202930435],[-388.2815970351412,129.06235173835603],[-381.9908255507662,123.15597966804353]],"rhoDist":[416.29064187704176,402.8077678897005,351.3630370360269,360.4464435390344,325.4808046151585,519.7818162667701,573.5512752497053,589.5613497287891,531.9178059902302,519.8464124599701,598.813168586014,751.1801930589859,955.3401612969635,936.8164407747562,1503.9707621514701,1437.470662969384,441.84916820858405,386.40016191952003,409.37131611065354,401.5024213609541]},"features":[46.33620477373851,325.4808046151585],"projected":{"root":[1.1624391827930436,-1.3330403860976412],"xy":[{"x":0.05582208039755009,"y":0.4122795368106556},{"x":0.17749429745341327,"y":0.3610884497338095},{"x":0.26917766145121297,"y":0.22440060226955455},{"x":0.3169523883371398,"y":0.16993496438276273},{"x":0.322681652751019,"y":0.038998190414781024},{"x":0.5027711694007672,"y":-0.1299580335810082},{"x":0.5157416552162234,"y":-0.24911842467851172},{"x":0.41271074871591246,"y":-0.4207638060715805},{"x":0.3115063040368128,"y":-0.4310333519143553},{"x":0.0024529833751936233,"y":-0.5196549658069283},{"x":-0.1515975622412833,"y":-0.5789675214487796},{"x":-0.4346889013733716,"y":-0.6120092616219516},{"x":-0.7475004472898363,"y":-0.5939051236675705},{"x":-0.7622044679140747,"y":-0.5434915082703499},{"x":-1.5012000348000998,"y":-0.04584262722899122},{"x":-1.4322597531029881,"y":0.05733591671785038},{"x":-0.4120416581010889,"y":0.1495277397657561},{"x":-0.30965880500622267,"y":0.22539121946977736},{"x":-0.12838784311638832,"y":0.38788397141538233},{"x":-0.12248897749657485,"y":0.3815976250145936}],"resolution":null}},{"normal":[-0.01378652516860983,0.9996126758324702,-0.024174987876406415],"root":[-573.6184440084023,8.19399579769314,831.7684938789595],"cov":[[0.0012277569040344805,-0.000019238799663572614,0.00001646778207976748],[-0.000019238799663572614,0.0012030938357005423,0.000028830709527031072],[0.00001646778207976748,0.000028830709527031072,0.000006154254318919809]],"n":808,"id":"h","colors":{"mean":[207.92698300379044,208.23267605487663,202.8675773459496],"cov":[[130.9921868958583,132.83401101632379,133.89391240746482],[132.83401101632379,136.7172363914448,137.30146351010896],[133.89391240746482,137.30146351010896,140.2877865433693]]},"roughness":8.502874587986403,"rot":[[0.9997076988220215,-0.00016667682211846113,0.024174988269805908,0],[-0.00016667682211846113,0.9999049305915833,0.013786525465548038,0],[-0.024174988269805908,-0.013786525465548038,0.9996126890182495,0],[0,0,0,1]],"poly":{"xy":[[-170.24047874224073,-22.61257405800393],[-146.80694602739698,-50.30855794472268],[-133.49646018755323,-182.80336995644143],[-437.8650820137251,-677.8520149759727],[-14.469665753959475,-709.0845589212852],[1.4223020194780247,-138.25252767128518],[47.824584734321775,-127.72237630409768],[88.44830299604052,-82.85463948769143],[118.61437965619677,-40.96993489784768],[148.10137916791552,-3.254053550191429],[169.86743141400927,19.18906168418357],[638.671569597603,462.3736625142617],[543.3272092460405,692.9921546407265],[626.6040647147905,933.6916556783242],[248.36212135541552,769.7946677632851],[-2.9297487617719753,59.96408609824607],[-37.380493390678225,57.78580240683982],[-58.701050031303225,57.05423502402732],[-127.57080100786573,42.21970133262107],[-150.69934104692823,8.78976969199607]],"rhoDist":[171.76110211445211,155.3854710920995,226.36800573307696,807.2722264350506,709.2412364339932,138.30714662243207,139.21459496949805,124.90075797380639,128.88938851514698,151.79392760471373,173.53704619837023,788.9982877506945,881.2336780026765,1125.1292130765698,810.0155563447962,60.102218002131366,68.85611842575804,81.8727514890873,134.4901000470603,150.95602648354114]},"features":[122.9929234502768,60.102218002131366],"projected":{"root":[0.5736184440084023,-0.8317684938789595],"xy":[{"x":0.022719914785592984,"y":0.17042870316836506},{"x":0.05041717192520058,"y":0.1469974031316454},{"x":0.18290160851711204,"y":0.13366872375536037},{"x":0.677852466708946,"y":0.43786587413784767},{"x":0.7091526121223333,"y":0.014588998601806812},{"x":0.13837748873297476,"y":-0.0012031799336425417},{"x":0.12785607246833516,"y":-0.04759014544595619},{"x":0.08299937147666574,"y":-0.08819451213605294},{"x":0.041123676120320383,"y":-0.11834479089877414},{"x":0.0034162945624802077,"y":-0.14781688583423147},{"x":-0.019021059500310234,"y":-0.16957283573390308},{"x":-0.4620853957234509,"y":-0.6381660871727142},{"x":-0.6926978586696757,"y":-0.5428111545154092},{"x":-0.9333606002855194,"y":-0.6260235514955713},{"x":-0.7695422353601924,"y":-0.24791947535073056},{"x":-0.05982100942869886,"y":0.0031806369812034927},{"x":-0.05764867492920952,"y":0.03762094956572534},{"x":-0.056920730726286506,"y":0.05893515287736925},{"x":-0.04209908608605482,"y":0.1277823026072744},{"x":-0.008676187037018685,"y":0.15089851083579572}],"resolution":null}}]