[{"normal":[0.011320320323707854,0.9996778178364979,-0.022718073717341837],"root":[-319.14200638632735,33.442099622187726,1289.2219336123867],"cov":[[0.0012056076947618624,0.000006739444113325222,-0.000013499107272837371],[0.000006739444113325222,0.001185351222757801,0.000026861258011607013],[-0.000013499107272837371,0.000026861258011607013,0.0000036667578095174473]],"n":524,"id":"h","colors":{"mean":[209.0782470119591,213.11068951969838,207.18130056014041],"cov":[[34.60150441752303,35.42563736181174,35.06583733200317],[35.42563736181174,37.039195875390654,36.33806182592398],[35.06583733200317,36.33806182592398,36.064332305668366]]},"roughness":6.110695055234678,"rot":[[0.9997419118881226,0.00012860864808317274,0.022718073800206184,0],[0.00012860864808317274,0.9999359250068665,-0.011320319958031178,0],[-0.022718073800206184,0.011320319958031178,0.999677836894989,0],[0,0,0,1]],"poly":{"xy":[[-448.32966066316794,-137.7262187113289],[-584.5273535342617,-408.63301802773515],[-155.6926367373867,-113.80660201211015],[-66.11634279207419,-180.66381026406327],[-98.82129884676169,-979.4876322855476],[48.87169431730081,-1003.0349955667976],[487.9348046688633,-1216.3243022074225],[711.5084130673008,-884.9624858011726],[667.8228661923008,-371.44637251992265],[651.2851464657383,-142.39983321328202],[261.7576806454258,0.5970539937492276],[183.5814111141758,122.12079666953048],[162.2956445126133,211.97197007040938],[117.22630857511331,351.03636978964767],[61.77281736417581,593.3831562886711],[-6.323496112386692,487.98770951132735],[-211.8315527530117,409.8259587178703],[-326.11762453035544,293.08030747275313],[-399.9803564639492,144.21219681601485],[-464.3485205264492,25.858223427342978]],"rhoDist":[469.5038559113891,714.1054781148571,193.08862431791556,194.78792818916222,984.5912668034308,1004.3645789744763,1310.608538361647,1135.7601781535934,764.2623598139475,666.7724215631533,261.75858796221297,220.56402583524704,266.9841806650703,370.10240780984617,596.862988612699,488.13401219364613,461.3354217228757,438.50381600860163,425.26236809293755,465.2119984292593]},"features":[30.892472502690698,193.08862431791556],"projected":{"root":[0.31914200638632734,-1.2892219336123867],"xy":[{"x":0.13766184837674258,"y":0.44845884163725047},{"x":0.4085688027922625,"y":0.5846562232492107},{"x":0.1137061289161238,"y":0.1558942701837873},{"x":0.18054753232732887,"y":0.06634969402798407},{"x":0.9793243677449872,"y":0.09914894468732283},{"x":1.0028512273929524,"y":-0.04850290096155342},{"x":1.2160703980410092,"y":-0.4874252595849102},{"x":0.884701063505618,"y":-0.7109837802996812},{"x":0.3712234773207031,"y":-0.6673755511497655},{"x":0.1421937433896797,"y":-0.650871557126293},{"x":-0.00074388323754706,"y":-0.26146301781883824},{"x":-0.12224978390133015,"y":-0.18332255435422323},{"x":-0.2120924616425327,"y":-0.16205383718388577},{"x":-0.3511421530922926,"y":-0.11701401839260694},{"x":-0.593466276962396,"y":-0.06160600745605359},{"x":-0.4880688266928467,"y":0.0064862853318438255},{"x":-0.40988565479243594,"y":0.2119513532342557},{"x":-0.29313278703204426,"y":0.3262229426187607},{"x":-0.1442647172239582,"y":0.40008575652907136},{"x":-0.02591005026447464,"y":0.46445252870579623}],"resolution":null}}]