[{"normal":[0.0007616146663166571,0.9992968849863275,-0.03748540515617619],"root":[-168.01963211155538,31.93505588567482,1250.7690819314441],"cov":[[0.00120570169744397,-0.0000038016869505984185,-0.000001061534252266642],[-0.0000038016869505984185,0.0012070353287533322,0.000045280941466453686],[-0.000001061534252266642,0.000045280941466453686,0.000004506840175513919]],"n":636,"id":"h","colors":{"mean":[209.95597752760042,212.9355370984325,208.0644682063809],"cov":[[29.398375295430096,29.166707619685486,29.69827751376121],[29.166707619685486,29.972299281396616,29.949200639761457],[29.69827751376121,29.949200639761457,31.388311671470312]]},"roughness":6.644825008153415,"rot":[[0.9992972016334534,0.00001427973711543018,0.037485405802726746,0],[0.00001427973711543018,0.9999997019767761,-0.0007616146467626095,0],[-0.037485405802726746,0.0007616146467626095,0.9992969036102295,0],[0,0,0,1]],"poly":{"xy":[[-452.9704215319933,-5.5472877683758287e-14],[-475.3734496894412,-154.45819687028205],[-846.3909878839565,-614.9390480181648],[-309.7497705124337,-426.3339840034089],[-104.95842270747929,-323.0288096546904],[7.879527898848937e-14,-1286.8245610628258],[444.7237418898702,-1368.71893900543],[696.7618687395843,-959.0104390068728],[703.1098167006818,-510.8391836910992],[231.4023506061997,-75.18718146654689],[218.44811398319524,0],[205.1600454468064,66.66053964570558],[191.41972710778046,139.07457244298314],[178.39265591215062,245.53642634231912],[139.90567904753664,430.58540516192824],[2.712279279303071e-14,442.9488210301069],[-119.68525747828778,368.3533465835078],[-207.92843306745587,286.1889360259469],[-264.42286827128135,192.11445917624533],[-338.35904357121444,109.93951765481575]],"rhoDist":[452.9704215319933,499.8372247542779,1046.1967965677713,526.9777853465213,339.6525906925606,1286.8245610628258,1439.1562599636907,1185.4020937444106,869.0915290894595,243.31083026235808,218.44811398319524,215.71803771032305,236.60779493967587,303.4997139114765,452.74428783609653,442.9488210301069,387.3096291043044,353.7489793364088,326.84463998877607,355.7717525445219]},"features":[32.29083082072571,215.71803771032305],"projected":{"root":[0.16801963211155538,-1.250769081931444],"xy":[{"x":-0.0000011478480304784925,"y":0.45302691669993744},{"x":0.15445732411858296,"y":0.4754164050742148},{"x":0.6149433396999363,"y":0.8461797584563688},{"x":0.4263306673096336,"y":0.3099130126550077},{"x":0.3230225985662398,"y":0.10526412213440642},{"x":1.2868165715691768,"y":0.0003932295682689542},{"x":1.368704575213515,"y":-0.44401677997943517},{"x":0.9589925950456226,"y":-0.695883618691835},{"x":0.5108213791109464,"y":-0.7022335049249478},{"x":0.07517623914101154,"y":-0.23086378757139409},{"x":-0.000010735528348619236,"y":-0.21791972916143248},{"x":-0.06667106608367382,"y":-0.2046419517052567},{"x":-0.13908488166329908,"y":-0.19091232445722942},{"x":-0.24554651865165505,"y":-0.17789592925869954},{"x":-0.4305948941990013,"y":-0.13943864444991477},{"x":-0.44295630866383046,"y":0.0003685288587517824},{"x":-0.368359146785612,"y":0.11997073376370893},{"x":-0.2861934999770807,"y":0.20815306313949788},{"x":-0.19211824369555452,"y":0.2646091360073161},{"x":-0.10994227022641584,"y":0.338494520560057}],"resolution":null}}]