[{"normal":[-0.00012267864423931232,0.9997609072708724,-0.021865800759913345],"root":[-723.2919305419922,151.13346633911132,957.7339924112956],"cov":[[0.0012046455486311818,-0.000041263805225679694,-7.546622952333257e-7],[-0.000041263805225679694,0.0012111213537651453,0.0000264834080201241],[-7.546622952333257e-7,0.0000264834080201241,0.0000027899075917074032]],"n":600,"id":"h","colors":{"mean":[239.42500092834234,237.7933343589306,234.7266678750515],"cov":[[46.726491933927164,55.5585624284782,57.16421947500571],[55.5585624284782,72.40993035862381,73.88702391521284],[57.16421947500571,73.88702391521284,76.82723432455751]]},"roughness":7.052079323822535,"rot":[[0.9997609257698059,-0.0000013413937267614529,0.02186580002307892,0],[-0.0000013413937267614529,1,0.00012267864076420665,0],[-0.02186580002307892,-0.00012267864076420665,0.9997609257698059,0],[0,0,0,1]],"poly":{"xy":[[-121.67619211832687,-39.14502014160155],[-181.93766672770187,-128.98718322753905],[-177.20585520426437,-131.18872131347655],[-76.08158762613937,-225.6865850830078],[-62.40476877848312,-238.7640997314453],[7.397233174641883,-138.52124084472655],[41.98610036214188,-85.6141973876953],[51.69996754964188,-70.6773077392578],[80.61403004964188,-35.84350646972655],[105.94361989339188,-4.001709594726549],[162.40675465901688,51.73644958496095],[211.30360524495438,149.7022088623047],[232.81044118245438,180.33105407714845],[140.88942067464188,248.8663934326172],[65.50544850667313,223.8469842529297],[-3.087508036295617,119.58898864746095],[-28.626936747233117,86.4653924560547],[-45.92320139567062,61.99633728027345],[-71.69419748942062,24.18762145996095],[-98.50877268473312,0.009765014648451142]],"rhoDist":[128.20939412835762,224.908447467374,221.18020899064118,238.97107961317954,248.14035689361867,138.9469502450405,95.3561592541576,87.58271046484238,88.25372378256851,106.03670495638647,170.5951934962675,258.9814707085883,295.4860848512132,287.03815590220955,233.40196864701474,119.70643520949658,91.53570904018319,82.36331079527226,81.44173694447693,98.66294349758813]},"features":[7.614847105503246,81.44173694447693,7.052079323822535],"projected":{"root":[0.7232919305419923,-0.9577339924112956],"xy":[{"x":0.039146083417757244,"y":0.12186570663992288},{"x":0.12898816499318372,"y":0.1821126531086791},{"x":0.131189709409775,"y":0.17738196993823177},{"x":0.22568770811558353,"y":0.0762817529173251},{"x":0.23876524101160002,"y":0.06260818645258573},{"x":0.13852247651127092,"y":-0.00717699240957345},{"x":0.08561547984970452,"y":-0.04175751894155568},{"x":0.07067860334380172,"y":-0.051469043650894775},{"x":0.035844841121569895,"y":-0.08037614650054307},{"x":0.00400307846316248,"y":-0.10569963770177077},{"x":-0.05173500455774748,"y":-0.16214919820052823},{"x":-0.14970069750787834,"y":-0.2110342268623497},{"x":-0.18032951364307626,"y":-0.23253587974826764},{"x":-0.24886497578503608,"y":-0.14063674426344566},{"x":-0.2238456679132323,"y":-0.06527082884866015},{"x":-0.11958776510256486,"y":0.0033055882823310365},{"x":-0.08646420341887448,"y":0.028838866461980424},{"x":-0.06199517162834687,"y":0.046130963006832},{"x":-0.024186490661633125,"y":0.07189574692036887},{"x":-0.000008670367185055668,"y":0.0987038787154964}],"resolution":null}},{"normal":[-0.03605585542006085,0.9985070368175389,-0.04103258114944448],"root":[-353.4759442968276,20.015952928552355,941.6645665585417],"cov":[[0.0011944723077550088,-0.000026085242818261627,0.00004206017027460576],[-0.000026085242818261627,0.0011968510812041069,0.00004824138598279963],[0.00004206017027460576,0.00004824138598279963,0.000008796301088662107]],"n":824,"id":"h","colors":{"mean":[216.19903143893168,218.77063322739983,214.15655583251737],"cov":[[28.551947170035405,29.09528926472772,28.505845380895064],[29.09528926472772,30.593510621867395,29.257679654314664],[28.505845380895064,29.257679654314664,29.603396000275104]]},"roughness":6.123577753393935,"rot":[[0.9991575479507446,-0.0007402850314974785,0.0410325825214386,0],[-0.0007402850314974785,0.9993494749069214,0.036055855453014374,0],[-0.0410325825214386,-0.036055855453014374,0.998507022857666,0],[0,0,0,1]],"poly":{"xy":[[-100.3437047421354,-29.408394082078644],[-100.5492711483854,-72.53449271489114],[-232.58119253510415,-284.07013724614114],[-356.2840123593229,-547.2778398828599],[-73.8336949765104,-305.58112357426614],[11.441817718802099,-243.17023490239114],[53.27830453520835,-153.30966971684427],[132.69285531645835,-116.3796465234849],[965.9673914492708,-701.0919267969224],[947.0329432070833,-263.7034990625474],[612.1111902773958,7.635673300733856],[468.01707406645835,333.92973496150046],[402.84434457427085,550.0801770849135],[403.73130746489585,627.7547834081557],[133.98875375395835,546.3504560155776],[-1.314285796822901,286.74582649897604],[-58.25477651947915,169.10869576167136],[-86.0473180233854,114.40557076167136],[-116.79115347260415,60.19216133784323],[-92.9052281796354,29.761527792921356]],"rhoDist":[105.05135119431273,124.45395691838002,367.9866554820077,653.1708080122853,314.4645722600169,243.43959601602182,162.33502567340207,178.94873650156006,1193.9352663551413,983.4448303654276,612.3063107968786,575.1818225389816,682.3379132163697,747.0516936658681,564.4640336455295,287.391712906347,178.96089728199198,143.16249774438845,131.40278651451962,97.74432641478059]},"features":[50.88406783833145,97.74432641478059,6.123577753393935],"projected":{"root":[0.3534759442968276,-0.9416645665585417],"xy":[{"x":0.029675539595460872,"y":0.10064772387658277},{"x":0.07277343261223196,"y":0.10082119149567031},{"x":0.2840737323895088,"y":0.23258528390972985},{"x":0.547018643613995,"y":0.35598903968950474},{"x":0.30568824425909186,"y":0.07395560133933786},{"x":0.24338108192598498,"y":-0.011201867854766514},{"x":0.15360994177726436,"y":-0.052936586455230694},{"x":0.1167627308898922,"y":-0.13225689449487865},{"x":0.7017115176828442,"y":-0.9652622795330553},{"x":0.26459359333127397,"y":-0.9460199908062412},{"x":-0.006817011014582973,"y":-0.6111795294889022},{"x":-0.33300548977558286,"y":-0.4669652569579382},{"x":-0.5490635728767991,"y":-0.4016874202916446},{"x":-0.6266869954233177,"y":-0.40251613459968927},{"x":-0.5455353077486477,"y":-0.13306109201852143},{"x":-0.2861997133214813,"y":0.00193577800693064},{"x":-0.16868125748743942,"y":0.05874121334005851},{"x":-0.11403429115957893,"y":0.08646984468998381},{"x":-0.05987890664760203,"y":0.11714764615175485},{"x":-0.0294503857745229,"y":0.0932593165785986}],"resolution":null}},{"normal":[-0.03644621863235298,0.9990674093620809,0.02315134332912446],"root":[-1056.0406977335613,30.04055183973068,1210.6541392008464],"cov":[[0.0012062578515377982,0.00001384699588171294,0.00004368369983790296],[0.00001384699588171294,0.0011661966203244767,-0.000026519079152033718],[0.00004368369983790296,-0.000026519079152033718,0.0000066906957468417845]],"n":312,"id":"h","colors":{"mean":[198.55449054390192,202.34936211258173,196.35897785425186],"cov":[[33.94591837488829,33.15833757256571,32.37986015246366],[33.15833757256571,33.72178470782531,32.45645553941806],[32.37986015246366,32.45645553941806,31.99295104810367]]},"roughness":7.982567293472579,"rot":[[0.9997318983078003,0.0004220862756483257,-0.023151343688368797,0],[0.0004220862756483257,0.999335527420044,0.0364462174475193,0],[0.023151343688368797,-0.0364462174475193,0.9990674257278442,0],[0,0,0,1]],"poly":{"xy":[[-292.51070658365893,-31.430981953938726],[-321.9709726969402,-149.69587453206373],[-313.6740976969402,-243.71113332112623],[-144.20028177897143,-345.6546147664387],[-49.19393412272143,-430.0631841023762],[149.75272115071607,-589.4595464070637],[332.86575826009107,-666.2924321492512],[561.4108022054036,-533.5275395711262],[549.9742787679036,-397.8450444539387],[685.2623647054036,-15.408643086751226],[766.9111684163411,243.74516550699877],[730.5312856038411,491.6313349405925],[704.0780385335286,723.4089228312175],[513.6860707600911,708.4694697062175],[246.05423482259107,1414.1902338663738],[-2.69320170084643,331.4456049601238],[-76.24825541178393,232.50828806559252],[-146.14364115397143,157.27763621012377],[-209.37801615397143,97.45744578043627],[-280.0196787516277,3.0288569132487737]],"rhoDist":[294.2326010276273,355.21837459122133,397.5172500347579,375.5621753165021,434.3394720888498,609.0632195050374,745.0649943858157,774.5805746300927,678.7882130352094,685.5554022550781,804.9861564146186,880.747512670051,1009.6032338319295,875.1029682984616,1435.6293861882668,332.9117630609842,246.95458244008955,217.90750888489433,233.87956171205437,280.0385314093183]},"features":[34.2563595753717,217.90750888489433,7.982567293472579],"projected":{"root":[1.0560406977335612,-1.2106541392008465],"xy":[{"x":0.03189802384816684,"y":0.2922140325349344},{"x":0.1500967673407883,"y":0.32171631782734783},{"x":0.24404605350660777,"y":0.31346134991423735},{"x":0.3458502636617109,"y":0.1440760018147836},{"x":0.43016264488422423,"y":0.04913075470947219},{"x":0.5893691199142144,"y":-0.14969528049265696},{"x":0.6660736627576614,"y":-0.33272679170924824},{"x":0.5333005231746984,"y":-0.5612665969975038},{"x":0.39771301264792736,"y":-0.549890409609839},{"x":0.015473626801266616,"y":-0.6853036436183335},{"x":-0.24354244385420556,"y":-0.7670399411329679},{"x":-0.4912485441056339,"y":-0.7307744417494145},{"x":-0.7228609564326244,"y":-0.7044261173933584},{"x":-0.7078510683379722,"y":-0.5140788912755981},{"x":-1.4129899361910458,"y":-0.2468166871323622},{"x":-0.330859769266336,"y":0.0023210675319179277},{"x":-0.23195714699521006,"y":0.07589815993900201},{"x":-0.15674698201360518,"y":0.1458065593398999},{"x":-0.09693985013935728,"y":0.20904922938700515},{"x":-0.0025441896687412916,"y":0.2797118087393458}],"resolution":null}},{"normal":[0.2649916499235603,0.9633130474430988,-0.04251350487409094],"root":[-1825.0594058205895,22.81424375628749,1249.9354351936502],"cov":[[0.00034541617218583127,0.00010572206180908197,-0.00009035254553938331],[0.00010572206180908197,0.0011149663359786193,0.0000201239495493392],[-0.00009035254553938331,0.0000201239495493392,0.000030604313334768525]],"n":141,"id":"h","colors":{"mean":[201.42553510818075,196.58865596385712,185.08511055023112],"cov":[[16.58075918613369,16.56817303240483,13.583756247030335],[16.56817303240483,17.40944753006153,14.647436072282545],[13.583756247030335,14.647436072282545,14.89421458645973]]},"roughness":7.9944365164865765,"rot":[[0.9990794062614441,0.005738119129091501,0.04251350462436676,0],[0.005738119129091501,0.9642336368560791,-0.2649916410446167,0],[-0.04251350462436676,0.2649916410446167,0.9633130431175232,0],[0,0,0,1]],"poly":{"xy":[[-319.58472718583766,-31.690472109097982],[-148.01978577958766,-51.72294281222298],[-68.64625062333766,-55.61320160128548],[-26.327036756150164,-59.41093109347298],[-13.699229138962664,-58.24357269503548],[16.618519884474836,-57.46061371066048],[43.828480821974836,-66.76127289034798],[78.11082945478734,-59.67057464816048],[191.93529234541234,-62.86344574191048],[301.11827574384984,-4.236858827847982],[535.6940814079123,148.86873199246452],[552.1348773063498,193.46040679715202],[338.57408629072484,250.76655914090202],[167.69737730634984,236.47627593777702],[56.382680040724836,224.07039214871452],[-11.949595349900164,225.00081207058952],[-142.06202210771266,220.46358062527702],[-229.93860902177516,196.34505035183952],[-257.9247540413064,172.20320464871452],[-280.79200257646266,66.27705718777702]],"rhoDist":[322.1728987295682,159.93602607352824,97.82207967457413,79.7614976895051,71.66768990115159,70.67401147148587,94.21144392898493,109.64964739709546,207.8655187409596,301.29143235792924,556.0850054810749,585.050367975897,422.0493136260229,291.8111454231137,233.12690945760434,227.66816623743807,264.8044247176123,304.39985099794575,311.76049832697447,289.2783607707597]},"features":[43.187506745628454,70.67401147148587,7.9944365164865765],"projected":{"root":[1.8250594058205896,-1.2499354351936502],"xy":[{"x":0.02974091774037422,"y":0.3198975007739147},{"x":0.04807243970783309,"y":0.1486054483148643},{"x":0.05136810328809554,"y":0.06932730607501268},{"x":0.05478716911138765,"y":0.02706884249840176},{"x":0.053589103019400564,"y":0.014445961420143956},{"x":0.05266018078305609,"y":-0.01584837022608248},{"x":0.061472055182906625,"y":-0.04297991377146476},{"x":0.05443824926035777,"y":-0.07727138983115639},{"x":0.056863784648147696,"y":-0.19097274646433968},{"x":-0.00029244720213250397,"y":-0.3003916238888297},{"x":-0.1492680311828951,"y":-0.5356300204909609},{"x":-0.19235916303433961,"y":-0.5523115535604559},{"x":-0.24639024529375725,"y":-0.3392761930934291},{"x":-0.23163056271906066,"y":-0.1684747914346885},{"x":-0.2190296553459436,"y":-0.05719138246095367},{"x":-0.2195346988033909,"y":0.011072648347628902},{"x":-0.2144131470605518,"y":0.14109133062774148},{"x":-0.19065300267814803,"y":0.22902541460003079},{"x":-0.16721403525377332,"y":0.2571243247543811},{"x":-0.06494526624078499,"y":0.2805783388593887}],"resolution":null}}]