[{"normal":[0.008920231579435048,0.999673700198105,-0.02393580165356038],"root":[-297.1008897813945,33.3669205652921,1295.8395435543168],"cov":[[0.0012088292197143062,0.0000016487601638111226,-0.000010747078953317526],[0.0000016487601638111226,0.0011919317643511145,0.000028524442493541134],[-0.000010747078953317526,0.000028524442493541134,0.0000034910139081643178]],"n":527,"id":"h","colors":{"mean":[209.56167253755754,213.57875009698253,207.7210654366401],"cov":[[27.889666619520128,28.238047205899477,28.304097885160115],[28.238047205899477,29.330454786555052,29.058852409640554],[28.304097885160115,29.058852409640554,29.238625690496217]]},"roughness":6.076918475111256,"rot":[[0.9997134804725647,0.0001067738703568466,0.023935802280902863,0],[0.0001067738703568466,0.99996018409729,-0.008920231834053993,0],[-0.023935802280902863,0.008920231834053993,0.9996737241744995,0],[0,0,0,1]],"poly":{"xy":[[-454.0678760738481,-146.8903516736836],[-555.0695240230668,-402.0316785779805],[-550.9524585933793,-572.0460828748555],[-91.08185312462933,-188.92859019907422],[-72.81451914025433,-1032.383851429543],[102.58379628943317,-1044.932679554543],[481.31719472693317,-1238.3654188123555],[692.2360179691207,-907.880921742043],[661.2052562503707,-393.4874891248555],[644.6675365238082,-164.44094981821485],[236.98028066443317,4.898741343894528],[175.33477285193317,124.43792591420703],[156.07561757849567,203.5227342638164],[104.16814687537067,312.5228038820415],[55.15520742224567,571.3420396837382],[-12.941106054316833,465.9465929063945],[-218.44916269494183,387.7848421129375],[-332.7352344722856,271.0391908678203],[-400.7568409175981,131.61569080678515],[-470.96613046837933,3.817106822410153]],"rhoDist":[477.928203006265,685.7683876015568,794.5158022967731,210.89109628528553,1035.1834250991294,1050.1090765760744,1328.678544670154,1141.8821586361494,769.5217527584757,665.4128204106743,237.03203113496502,215.08068266403234,256.4955536609713,329.48688354352424,574.2843543035101,466.2381929825524,445.0814235683851,429.20009590069463,421.9078187528112,471.12199978910945]},"features":[30.959696479104302,210.89109628528553],"projected":{"root":[0.29710088978139454,-1.2958395435543169],"xy":[{"x":0.14684378691562877,"y":0.45419282404217365},{"x":0.4019857456345858,"y":0.5551927766328971},{"x":0.5719929451644764,"y":0.5510950438709729},{"x":0.18884159524426442,"y":0.09131528809373791},{"x":1.0322613434334262,"y":0.07314324682741195},{"x":1.0447909442620869,"y":-0.10220347568706736},{"x":1.238175547661672,"y":-0.48080771039774073},{"x":0.9076816805320135,"y":-0.691701390808154},{"x":0.39331202980810404,"y":-0.6607344434282335},{"x":0.1642763704621532,"y":-0.6442259180761387},{"x":-0.005013052031138973,"y":-0.23667354894873718},{"x":-0.12454089779792415,"y":-0.1750584667311111},{"x":-0.2036205028495145,"y":-0.15581327355139482},{"x":-0.3126106928020008,"y":-0.10393231311511897},{"x":-0.5714143964302886,"y":-0.05496105139408615},{"x":-0.4660158726163084,"y":0.013127005420308641},{"x":-0.3878352891263877,"y":0.21858452798195355},{"x":-0.27108208063010913,"y":0.33285032126504144},{"x":-0.13165686554524883,"y":0.40086732575918854},{"x":-0.003855870373819397,"y":0.4710701453327532}],"resolution":null}},{"normal":[-0.06944469375461898,0.9973856342908081,-0.01998326849265357],"root":[-1171.1477817269258,22.14520825526511,935.0083488838925],"cov":[[0.0011653690135092012,-0.00009256897055435448,0.0000792861466445943],[-0.00009256897055435448,0.0011558376337936999,0.00001671268302409163],[0.0000792861466445943,0.00001671268302409163,0.000009682118152596098]],"n":387,"id":"h","colors":{"mean":[189.4909599769947,188.40568872385248,178.1731311942256],"cov":[[36.85236247863198,37.40958290289338,38.054392224249725],[37.40958290289338,39.21470536012683,39.38097242253938],[38.054392224249725,39.38097242253938,44.611851683885014]]},"roughness":10.299953359393657,"rot":[[0.9998000860214233,-0.0006947741494514048,0.01998326927423477,0],[-0.0006947741494514048,0.9975855350494385,0.0694446936249733,0],[-0.01998326927423477,-0.0694446936249733,0.9973856210708618,0],[0,0,0,1]],"poly":{"xy":[[-587.5671257393612,-1.160079601199186],[-153.82591480186124,-89.76860010901169],[-170.56456226279874,-161.7826381949492],[-82.33830493858,-239.4644008902617],[-60.658129157329995,-411.8636928824492],[202.3073249442325,-636.5433803824492],[458.6845222098575,-632.9587856558867],[843.660474358295,-613.3494106558867],[892.6439948661075,-606.7350307730742],[1097.82331615517,-60.293624523074186],[648.6718268973575,126.96894871911331],[507.575513420795,302.4956821175508],[485.690259514545,536.5490878792696],[147.742993889545,307.44044530114456],[66.2677741629825,212.5645297738008],[-11.418016852642495,167.33180272301956],[-75.965013922955,113.97370946130081],[-394.82945484092374,298.8786166878633],[-469.72520679404874,288.58375584801956],[-560.0002922432675,4.126663562863314]],"rhoDist":[587.6598686492683,178.21390235954644,235.2189248489301,253.36146181912915,416.80446687481265,668.0025421478155,781.7347558477954,1043.0540460763245,1079.3269694229039,1100.0837124222978,661.0450193312661,591.0162803567902,723.9518483806061,345.1249151863341,227.11858444319543,172.29934461555274,140.82094351481985,495.4248140494029,552.562669211028,560.068304793876]},"features":[46.03582567938164,140.82094351481985],"projected":{"root":[1.1711477817269258,-0.9350083488838925],"xy":[{"x":0.0014434991311205315,"y":0.5876486819858687},{"x":0.09013943197679501,"y":0.15393262465079127},{"x":0.1619679669908087,"y":0.17061789211259507},{"x":0.2395234691450225,"y":0.08235530230339592},{"x":0.4115215764137516,"y":0.0605596823951641},{"x":0.6358414901525701,"y":-0.20250929949632163},{"x":0.6324436744670995,"y":-0.4588327495924346},{"x":0.6131491164544985,"y":-0.8437181106237529},{"x":0.6065847390726583,"y":-0.8926872425102294},{"x":0.06160523548189006,"y":-1.0974458895653065},{"x":-0.12551726258313836,"y":-0.6482540925500112},{"x":-0.3007182274908748,"y":-0.5070640365732785},{"x":-0.5342217309240543,"y":-0.4850205438545028},{"x":-0.30590105418879265,"y":-0.14730002173069254},{"x":-0.2113108176373766,"y":-0.06590700842437637},{"x":-0.1662412763219947,"y":0.011731824584979985},{"x":-0.11305685850084062,"y":0.07622884515209634},{"x":-0.29773686291387236,"y":0.3951580036613533},{"x":-0.2875188940205241,"y":0.470031629339184},{"x":-0.003811326790750927,"y":0.5600910329326139}],"resolution":null}},{"normal":[-0.011960556255912516,0.9997674412676646,-0.017944594594364642],"root":[-702.3048050887102,152.17912225789956,994.8315091433225],"cov":[[0.0011959110413699945,0.000021670869580609994,0.000014696053952181589],[0.000021670869580609994,0.0011968568508080168,0.000021741362773737127],[0.000014696053952181589,0.000021741362773737127,0.0000025866626971555308]],"n":572,"id":"h","colors":{"mean":[234.25524587215452,232.41783339426027,229.2569944218218],"cov":[[459.2508274581134,381.83418715288815,390.36207908300935],[381.83418715288815,334.42082314992916,342.0428828005248],[390.36207908300935,342.0428828005248,352.14871667021885]]},"roughness":9.322856247177294,"rot":[[0.9998389482498169,-0.00010732614464359358,0.017944594845175743,0],[-0.00010732614464359358,0.9999284744262695,0.011960555799305439,0],[-0.017944594845175743,-0.011960555799305439,0.9997674226760864,0],[0,0,0,1]],"poly":{"xy":[[-153.31899693629123,-49.50220174722733],[-219.03518345972873,-149.97430868082108],[-154.76369908472873,-210.86627645425858],[-99.50228551050998,-259.75122518472733],[-74.08370640894748,-270.62561483316483],[14.894931286365022,-155.60303182535233],[56.32352015355252,-100.30774373941483],[80.66800257542752,-78.01294393472733],[104.66153284886502,-43.67651815347733],[128.53213831761502,-14.690617274571082],[181.58572718480252,51.84600381917892],[225.62002894261502,118.66277628011642],[201.39737269261502,151.37493448324142],[82.16238734105252,238.00200967855392],[76.62308070042752,235.99370889730392],[-1.861660510509978,148.48980264730392],[-34.05953648707248,104.53423624105392],[-59.14077428004123,75.98510294027267],[-90.67770054957248,31.269465733241418],[-116.70357945582248,0.10576944417891809]],"rhoDist":[161.93990681664866,267.1617205979048,262.73426599095893,279.45957762552484,282.16248580150256,158.5623060437179,117.38140614920832,115.44485288115052,116.13873295540789,131.81363610603208,190.6350586878147,255.66166822794116,252.86867873829698,252.92926914949834,249.45579543387043,148.54871302207872,110.23576776320964,96.89661133928583,99.84017649685677,117.48143757763997]},"features":[7.569442876596751,96.89661133928583],"projected":{"root":[0.7023048050887102,-0.9948315091433225],"xy":[{"x":0.04960181099450422,"y":0.15346844212278496},{"x":0.15005967751339885,"y":0.21916326354721172},{"x":0.21095418734370763,"y":0.1548955930567013},{"x":0.25984157004623604,"y":0.09963783120577438},{"x":0.27071790986496613,"y":0.07422217797275371},{"x":0.15571310482061845,"y":-0.014729787188249866},{"x":0.10042621869654617,"y":-0.05614577047119511},{"x":0.07813562656703847,"y":-0.08048394005747359},{"x":0.04380423220162628,"y":-0.1044699216253565},{"x":0.014822966791587518,"y":-0.12833357243348684},{"x":-0.05170320051642056,"y":-0.1813714773355559},{"x":-0.11851046715610065,"y":-0.22539151737300175},{"x":-0.15122288499411443,"y":-0.20116925065696006},{"x":-0.23785656028629582,"y":-0.08194416752566738},{"x":-0.23584899768282616,"y":-0.07640596838378443},{"x":-0.14835977455705898,"y":0.00205674352466088},{"x":-0.10441080822009673,"y":0.03424471732233394},{"x":-0.07586640907617952,"y":0.059318852391662284},{"x":-0.031157355373501824,"y":0.0908459013349131},{"x":0.000001318339226744368,"y":0.1168642447976433}],"resolution":null}}]