[{"normal":[0.013419606402789278,0.999907119134342,-0.002380602540358409],"root":[-367.3621415163163,35.71750824355173,1410.738352288543],"cov":[[0.001196665819514935,-0.000025493916635767772,-0.00001612097250615011],[-0.000025493916635767772,0.0011810440321813407,0.000003154007697168596],[-0.00001612097250615011,0.000003154007697168596,0.0000031469863872555998]],"n":421,"id":"h","colors":{"mean":[207.79572727915226,212.2137792723479,205.95962287552848],"cov":[[19.773533908306,19.107544637130687,20.03205286297435],[19.107544637130687,19.551561875463026,20.117614199597195],[20.03205286297435,20.117614199597195,21.29457930791505]]},"roughness":6.157538829669393,"rot":[[0.9999971389770508,0.000015974115740391426,0.002380602527409792,0],[0.000015974115740391426,0.9999099373817444,-0.01341960672289133,0],[-0.002380602527409792,0.01341960672289133,0.9999071359634399,0],[0,0,0,1]],"poly":{"xy":[[-702.4754738705742,-206.91276082743371],[-249.63593529635546,-84.27399739969934],[-173.65131615573046,-144.00773153055871],[-488.2745461361992,-845.3725996946212],[-227.53217553073046,-924.5997725461837],[370.48943091458204,-1199.7876387571212],[360.95586157864454,-1107.5112715696212],[557.106618414582,-744.4066573118087],[546.5132346255195,-316.5819502805587],[523.058034430207,-110.76505574930871],[165.09734107083204,3.52672281514441],[116.36565161770704,76.98549356709754],[84.89311743801954,105.65492716084754],[61.357106695832044,180.30963602315222],[7.122487555207044,315.84432306538855],[-67.72345971041796,556.0164994264726],[-329.47394799166796,457.43840494405066],[-333.34797142916796,458.04609384785925],[-533.731272210418,173.68249979268347],[-585.8649392026055,74.07835855733191]],"rhoDist":[732.6714620554814,264.2836701633019,227.52164292197824,976.3679307415888,952.3499376095102,1255.6881954906162,1165.4556940412506,929.8958579414707,631.6877488604235,534.7166937054513,165.13571906565056,139.59654314986162,135.53628820848417,190.47670041883526,315.93117040194136,560.2962347369986,563.7461595266973,566.5119295328041,561.3383526445016,590.6921328995548]},"features":[28.99478045453451,135.53628820848417],"projected":{"root":[0.3673621415163163,-1.410738352288543],"xy":[{"x":0.20677115429435733,"y":0.7025005944935084},{"x":0.08413620042010048,"y":0.2496603801146191},{"x":0.14386334191428926,"y":0.1736769304902329},{"x":0.8451700800341465,"y":0.4883104725861804},{"x":0.9243859535795897,"y":0.22757010644761214},{"x":1.1995394870545208,"y":-0.3704454094615026},{"x":1.107271581376615,"y":-0.36091334117489776},{"x":0.7441965303012312,"y":-0.5570693424408936},{"x":0.3164105168640303,"y":-0.5464828227926654},{"x":0.11061253022332672,"y":-0.5230309768069261},{"x":-0.003663238592153077,"y":-0.16507312353450557},{"x":-0.07711461614916368,"y":-0.11634274561453091},{"x":-0.1057809653976407,"y":-0.08487075858950444},{"x":-0.18042857585294877,"y":-0.06133600708586845},{"x":-0.315950192039572,"y":-0.007103706680319826},{"x":-0.5560995459948419,"y":0.0677381919511182},{"x":-0.45752614695116955,"y":0.3294895131907337},{"x":-0.4581337192502535,"y":0.3333635159428652},{"x":-0.1737925303658499,"y":0.5337507913419137},{"x":-0.07419652540528311,"y":0.5858859016876421}],"resolution":null}},{"normal":[-0.005987000723001544,0.9995522923869038,-0.02931502356178996],"root":[-702.5920889063152,151.4128437583554,966.255330539506],"cov":[[0.001186047191276932,-0.00001743425128756266,0.000006592731520504706],[-0.00001743425128756266,0.0011918991816470366,0.00003485177712414596],[0.000006592731520504706,0.00003485177712414596,0.000003258461482133367]],"n":599,"id":"h","colors":{"mean":[239.72120291402624,238.63606107553377,235.6010028257195],"cov":[[42.76406279305617,50.57703069861978,51.628939310014246],[50.57703069861978,66.15109395056963,66.70502265470724],[51.628939310014246,66.70502265470724,68.6927241428507]]},"roughness":7.061308796785934,"rot":[[0.9995701909065247,-0.00008777418406680226,0.029315022751688957,0],[-0.00008777418406680226,0.9999820590019226,0.005987000651657581,0],[-0.029315022751688957,-0.005987000651657581,0.999552309513092,0],[0,0,0,1]],"poly":{"xy":[[-118.73537204341221,-37.75385835930979],[-194.07539889888096,-136.93824556634104],[-190.6502890355997,-150.5514657811848],[-84.60292575434971,-246.3864267186848],[-70.92610690669346,-259.4639413671223],[0.9829507104940376,-143.3904550389973],[37.73996975346279,-98.37385347649729],[72.09269192143154,-56.54334810540354],[92.60148098393154,-32.30433443352854],[114.99149563236904,-3.6779306249347883],[159.46122219486904,49.07628080084646],[217.96720364018154,157.35069486334646],[194.32755520268154,179.0389883203777],[123.71549465580654,232.09456083014334],[42.30942776127529,205.7898122949871],[-0.0681357152872124,106.01896878912771],[-26.991963840287212,78.84373685553396],[-51.36769626216221,44.16771146490896],[-71.07491061763096,23.74595853522146],[-88.12740085200596,0.3930532617839617]],"rhoDist":[124.9490291454541,240.23727784134365,245.5045920981979,261.264794177276,270.2546714601687,143.41683308432025,105.3663000035463,91.64406226215307,98.09788379703016,115.08299837346014,166.85748367359648,269.21370612784006,265.02247051873536,263.8346254115405,211.41599525328996,108.57131505007052,84.21398828001986,74.31569817463105,75.71788690181859,89.04295623691128]},"features":[7.601054962676363,74.31569817463105],"projected":{"root":[0.7025920889063152,-0.966255330539506],"xy":[{"x":0.03780262968685596,"y":0.11897417819732878},{"x":0.1369786259952343,"y":0.194273119473708},{"x":0.15059190281432588,"y":0.19084828677004897},{"x":0.24643445402516204,"y":0.08483808884955055},{"x":0.2595129347163322,"y":0.0711660001776167},{"x":0.14344784089204873,"y":-0.0007019640007625119},{"x":0.0984352726190116,"y":-0.03743923426114267},{"x":0.05660853238790456,"y":-0.07177352062585537},{"x":0.032371753369240815,"y":-0.09227136783039154},{"x":0.0037478279856972873,"y":-0.11464924700530818},{"x":-0.04900153446884489,"y":-0.15909523084374647},{"x":-0.1572688722785158,"y":-0.21756656380177597},{"x":-0.1789588518998033,"y":-0.19393517157588958},{"x":-0.2320196712458517,"y":-0.12334880187763345},{"x":-0.20572253960324066,"y":-0.041980030683363666},{"x":-0.10595720425564253,"y":0.0003705623957190953},{"x":-0.07878482268501469,"y":0.02728043387341428},{"x":-0.044111558460325016,"y":0.0516426463963954},{"x":-0.02369190139768028,"y":0.07133959845282936},{"x":-0.0003409115191816876,"y":0.08838271006001489}],"resolution":null}}]