[{"normal":[-0.008075495130344754,0.9986779658630442,-0.050765213267078224],"root":[38.961578543270114,275.3766646062235,1564.0968593886173],"cov":[[0.0011984274240012577,-0.000011221196619393492,0.000009120305742629662],[-0.000011221196619393492,0.0011781743971503726,0.000059798713759429516],[0.000009120305742629662,0.000059798713759429516,0.000007430796857657477]],"n":502,"id":"h","colors":{"mean":[242.13147484033232,247.17131519252322,250.3087652047198],"cov":[[411.95885160663136,322.5679471773238,253.61154984639103],[322.5679471773238,284.8772417273128,224.24341011552463],[253.61154984639103,224.24341011552463,186.30841463728703]]},"roughness":5.494949230522652,"rot":[[0.998710572719574,-0.0002051126939477399,0.05076521262526512,0],[-0.0002051126939477399,0.9999673962593079,0.00807549525052309,0],[-0.05076521262526512,-0.00807549525052309,0.9986779689788818,0],[0,0,0,1]],"poly":{"xy":[[-61.030941419867304,-4.702205832088474],[-93.6786464979923,-55.10857980974961],[-100.9821132948673,-107.3296892000084],[-48.832333021429804,-141.78378313311387],[-36.710018568304804,-179.54417436846543],[67.3777499863827,-247.96226518877793],[157.8505283066952,-226.57937639483262],[236.0934482285702,-177.68490617998887],[234.4823642441952,-166.1896516633873],[146.6791415879452,-46.67554157503891],[162.8539462754452,17.49115735760879],[123.4334140488827,43.738250558292386],[111.7882724473202,93.37379438153457],[90.1980624863827,221.20257550946425],[25.137149400445196,241.38003522626113],[-14.576595716742304,215.93687421551894],[-98.8362392714298,197.18394452801894],[-148.6293300917423,161.90951520672988],[-95.3784755995548,65.37301618329238],[-68.0304531386173,16.35668927899551]],"rhoDist":[61.21564169416781,108.89442404121395,147.48802855006497,150.08708581985218,184.56675240719952,256.95372252362625,276.3881733851251,295.7145862227466,288.04531915399974,154.68385320165007,164.4543709271515,130.98185399667588,146.57031458102227,239.00629080251744,242.91094700909179,216.43841353960661,220.59600069012703,220.98498886613322,115.70267670267587,69.99715573090852]},"features":[4.625266904657512,61.21564169416781,5.494949230522652],"projected":{"root":[1.5640968593886173,0.03896157854327011],"xy":[[-0.06145893542310977,-0.00477028913690624],[-0.09405420537488726,-0.055168321977394345],[-0.10133754382691387,-0.10738622944373036],[-0.04924793880824475,-0.14184989577780838],[-0.03713350980140742,-0.17961154139345306],[0.06683408080442962,-0.24804874956555542],[0.15718581710137342,-0.22668511557637455],[0.23531782127499498,-0.17780828932532516],[0.2337064568089038,-0.16631307942645665],[0.14599193427181903,-0.046784859333751316],[0.16213272166819587,0.017376428285693243],[0.1227576348907451,0.04363075073805096],[0.11111732772144638,0.0932670636003987],[0.08952873699521387,0.22109610230868967],[0.024547575172019047,0.24128624848718877],[-0.01510974409810044,0.21585206343899843],[-0.099256896319174,0.19711702835211845],[-0.14897854840804925,0.16185396317353093],[-0.09577655501238344,0.06530969155304063],[-0.06845374137796442,0.01628935454531486]],"resolution":null}},{"normal":[-0.007467362124630523,0.9997933548771475,-0.01890730140442993],"root":[-703.391459935148,153.42346634663326,998.1937724368673],"cov":[[0.0011848476702139954,0.000035860368311263025,0.000009527678256391415],[0.000035860368311263025,0.00119701809794636,0.000022904897505891027],[0.000009527678256391415,0.000022904897505891027,0.000002380843162962615]],"n":568,"id":"h","colors":{"mean":[232.93133919638856,230.91021255629374,227.50528318177857],"cov":[[560.2922850670408,460.89717052418,473.50386139992725],[460.89717052418,397.76522648946656,408.91346559719375],[473.50386139992725,408.91346559719375,422.84705797075463]]},"roughness":9.672962201221885,"rot":[[0.9998212456703186,-0.00007060112693579867,0.018907301127910614,0],[-0.00007060112693579867,0.9999721050262451,0.007467362098395824,0],[-0.018907301127910614,-0.007467362098395824,0.9997933506965637,0],[0,0,0,1]],"poly":{"xy":[[-159.28135788608608,-51.090900904695786],[-221.22306931186733,-150.59401369766454],[-212.70622360874233,-156.04494143203954],[-103.69114792514858,-258.08852053360204],[-83.02293503452358,-270.19252443985204],[1.1237324459451656,-169.6836743421958],[45.202345727195166,-116.69282961563329],[67.00105178188267,-86.75465822891454],[90.23408400844517,-57.719685084383286],[114.15901076625767,-28.910603053133286],[179.20478713344517,57.475322239835464],[215.76960646938267,133.01487302108546],[191.77583205532017,155.0847582749917],[79.55244338344517,238.5073351792886],[71.85298049282017,237.2365832261636],[-1.9633647220235844,152.2554125718667],[-35.694382788429834,104.24857663436671],[-58.306992651711084,79.42411374374171],[-94.56932175327358,34.031169407804214],[-119.16447556186733,0.6482348374917137]],"rhoDist":[167.61621677179366,269.69287617510713,264.6881374764345,279.45665855036776,283.90217730281944,171.68909522086236,127.84452871863942,112.28344931829456,109.78949138056892,120.27750327974216,189.99975787950206,253.96396498730263,247.19234315183684,252.800944423368,248.6708050178978,152.41449350825633,110.80461404902152,98.58473336490582,100.60088939046365,119.59481494387984]},"features":[7.516354208862096,98.58473336490582,9.672962201221885],"projected":{"root":[0.9981937724368674,-0.703391459935148],"xy":[[-0.15943835045151233,-0.051152904482670056],[-0.22136196405247088,-0.1506488696130122],[-0.21284625599175588,-0.15610024665465017],[-0.10384346361410521,-0.2581486769981537],[-0.08317809084775257,-0.270253802599984],[0.0009464384106025853,-0.1697536959035028],[0.04501343091971495,-0.11676744075383778],[0.06680612653648958,-0.08683164316523348],[0.09003295568966548,-0.057799119899416954],[0.11395157163815911,-0.028992530296751817],[0.1789796213814719,0.057386393937901514],[0.215532571158218,0.1329212568848146],[0.19154152774830835,0.15499222073775185],[0.07933231056895453,0.23842039461563258],[0.07163431376233458,0.2371502216864485],[-0.002162836165912095,0.15217663213286187],[-0.03588443508839521,0.10417351624811151],[-0.05849125005269086,0.07935134202937447],[-0.09474389205308481,0.033962223574815584],[-0.11933229232242326,0.0005819562874835372]],"resolution":null}},{"normal":[-0.03969487439561162,0.9975791449992066,-0.057097866942368576],"root":[-372.68156959641146,19.8006105434167,922.9660249808585],"cov":[[0.0012063553766891834,0.0000031859162247748656,0.000048184682303956774],[0.0000031859162247748656,0.0012015609256830198,0.00006889982689266245],[0.000048184682303956774,0.00006889982689266245,0.00001211866051008608]],"n":852,"id":"h","colors":{"mean":[214.88263149916287,217.30281914833566,212.69131707578478],"cov":[[32.38951889478797,31.918263123688426,33.471427962297504],[31.918263123688426,32.48284869448905,33.34306852820855],[33.471427962297504,33.34306852820855,35.69028382006801]]},"roughness":6.466573315068782,"rot":[[0.998367965221405,-0.0011346196988597512,0.057097867131233215,0],[-0.0011346196988597512,0.9992111921310425,0.03969487547874451,0],[-0.057097867131233215,-0.03969487547874451,0.9975791573524475,0],[0,0,0,1]],"poly":{"xy":[[-85.60768757851474,-25.76340721022916],[-87.90694294960849,-59.271128157494786],[-208.56264363320224,-278.68097923171354],[-377.05251179726474,-534.5689186848385],[-94.34737263710849,-295.68415305983854],[42.17276896445401,-231.0565285481198],[81.54117716757901,-183.59064720046354],[144.7090238472665,-108.74308250319791],[1021.189858808204,-718.1350807942135],[1031.435952558204,-310.5478615559323],[652.1182035347665,8.755391617895839],[498.2451566597665,332.8745932780521],[426.821450605079,565.5074668132083],[423.2754300972665,642.6128134928958],[156.4766019722665,539.2955222331302],[-1.5352998832022422,271.219304581763],[-54.70326863320224,159.25343849289584],[-79.98988972695224,107.27898170578646],[-101.43556843788974,72.63414528000521],[-85.54714070351474,8.148702164770839]],"rhoDist":[89.49098958312457,106.02754489458265,348.85797341805784,654.7890810071979,310.62712183562047,235.35171285214753,202.63991636909452,183.46308725023766,1248.8239065968971,1077.5604927292018,652.3923103612585,599.5670089506715,708.9317885855753,770.2399342958831,562.477667854547,271.84224662944035,168.44226559913875,133.82424904795366,124.76641181966471,85.99745255997436]},"features":[51.37881071418844,85.99745255997436,6.466573315068782],"projected":{"root":[0.9229660249808584,-0.37268156959641147],"xy":[[-0.08600971780776202,-0.026042901704643785],[-0.08826720213874431,-0.05952158310491069],[-0.20847703889703215,-0.2786214661635043],[-0.37640158620910197,-0.5341163902306829],[-0.09442888179084603,-0.2957408188477736],[0.041795123150650856,-0.23131907081016384],[0.08104542407671743,-0.18393529854607063],[0.14402525360144847,-0.10921844481490382],[1.0197670485642896,-0.7191242293727054],[1.0295339635982081,-0.3118701388477455],[0.650472995642295,0.007611630490842933],[0.49648332657875305,0.33164975551234666],[0.4249122383625322,0.5641801678400443],[0.4212845199227549,0.6412287174917273],[0.155038348978928,0.5382956377369664],[-0.0024115036199599794,0.2706101610333591],[-0.055365660446605,0.1587929386311366],[-0.08055204104784039,0.10688816980213854],[-0.10192341043838025,0.07229499378501292],[-0.08598774709628829,0.007842389226028257]],"resolution":null}},{"normal":[-0.08224672767533085,0.99631185605212,-0.024457335845915945],"root":[-1171.7345822760863,26.3413802198535,1022.9359014353521],"cov":[[0.0011687953077580096,0.000023432344309376927,0.00009706065576996433],[0.000023432344309376927,0.0011456401199907388,0.000030057394813146003],[0.00009706065576996433,0.000030057394813146003,0.00001314412604389516]],"n":351,"id":"h","colors":{"mean":[195.2051317691803,195.09686966737112,187.98575898011526],"cov":[[25.048948062874842,25.267115286286835,29.835296559893653],[25.267115286286835,26.689504070366226,31.416144921042193],[29.835296559893653,31.416144921042193,41.19581547238208]]},"roughness":10.316095018176073,"rot":[[0.9997003674507141,-0.0010076260659843683,0.024457335472106934,0],[-0.0010076260659843683,0.996611475944519,0.08224672824144363,0],[-0.024457335472106934,-0.08224672824144363,0.9963118433952332,0],[0,0,0,1]],"poly":{"xy":[[-469.2228887400396,-36.69754663016374],[-208.22661188457084,-87.21451440360124],[-174.48430231425834,-238.19827905203874],[-116.4195440134771,-339.87784448172624],[-6.553027900195843,-485.04776635672624],[194.5155145802729,-604.2928835442262],[437.0195429005854,-607.5196901848512],[788.2912714162104,-572.8104616692262],[829.5748407521479,-549.1745974114137],[977.8891718068354,-151.49613061453874],[941.3509637990229,291.86141333077376],[937.9301874318354,416.1206296393675],[483.0684930958979,377.37557348702376],[240.4848749318354,643.0222409674925],[136.7729608693354,431.1103757331175],[-2.6553838572270934,221.18618139718],[-98.54790094707084,159.906152100305],[-119.47087457988334,149.0290769049925],[-547.2712285837896,256.02291235421126],[-594.1608770212896,54.86043676827376]],"rhoDist":[470.8466427421432,226.1534772733676,295.2735585676456,360.16704725032895,486.1756350013867,635.0283028384437,748.4530434345033,974.4327449267116,994.8811521008778,990.0783068693473,986.1839169573952,1026.4572618424857,613.1623890443248,687.3495728597085,457.1691734198756,223.9197878457959,190.33001445345036,194.66038322857037,605.1938590992602,596.9864933092317]},"features":[38.81938140429089,190.33001445345036,10.316095018176073],"projected":{"root":[1.022935901435352,-1.1717345822760863],"xy":[[-0.4692898899464202,-0.036922862666621266],[-0.20832091402329497,-0.08753163979991223],[-0.17443657959340622,-0.2380377939668857],[-0.11628676444156871,-0.3394313246579648],[-0.006306890986519693,-0.4842200410542849],[0.19482155917352928,-0.6032636967809316],[0.4372561766542726,-0.6067239227300101],[0.7883876785805929,-0.5724862573550328],[0.8296350618765546,-0.5489720818778085],[0.97750424185123,-0.15279059823080754],[0.9405302432898378,0.2891014407547839],[0.9369852850767794,0.4129430502347395],[0.48229892292646576,0.3747876126170785],[0.23952031836047813,0.6397785670795567],[0.13605300774582665,0.4286892703085004],[-0.003122034534051355,0.21961689799779113],[-0.09892407168952708,0.1586411405385738],[-0.11982981608076777,0.14782200496303577],[-0.5476097966790753,0.25488435343234167],[-0.5942826988701596,0.05445076629181435]],"resolution":null}}]