[{"normal":[-0.04195444740935078,0.9980627861578618,-0.04594017010615162],"root":[-332.7318838039529,22.644857796810786,987.8640045204793],"cov":[[0.001189285252933523,-0.000007689209931275883,0.00004963872280762021],[-0.000007689209931275883,0.001193676274883302,0.00005462090694313551],[0.00004963872280762021,0.00005462090694313551,0.000008843589806733187]],"n":787,"id":"h","colors":{"mean":[217.4371051614136,220.60228921671833,215.7064826470318],"cov":[[22.77872392754567,23.507374373770457,22.19031559721316],[23.507374373770457,25.25699684077751,23.219703241454692],[22.19031559721316,23.219703241454692,22.905069541649393]]},"roughness":5.597220246364,"rot":[[0.9989437460899353,-0.0009646315593272448,0.04594017192721367,0],[-0.0009646315593272448,0.9991190433502197,0.04195444658398628,0],[-0.04594017192721367,-0.04195444658398628,0.998062789440155,0],[0,0,0,1]],"poly":{"xy":[[-145.24449768454178,-38.24107762182837],[-149.09203186422928,-100.84831639135962],[-261.8697418251668,-358.7643320163596],[-305.62554016501053,-530.8829233249534],[-95.04430237204178,-302.3088876804221],[0.2537322959269659,-194.68980809057837],[73.47498473733322,-150.13481541479712],[135.32740172952072,-101.91579075659399],[910.8014007529582,-632.9537241062034],[866.0758148154582,-277.23595066870337],[548.5405364951457,13.602580825437258],[421.4561859092082,296.3975103298318],[341.9492279013957,467.75765589867945],[357.5318695029582,607.010722915281],[190.64832458108322,633.3658864894998],[-4.867544559541784,350.1731794277322],[-68.44310608297928,207.7058599392068],[-108.47331848532303,145.625224868406],[-149.04088440329178,65.12958888207788],[-162.99059143454178,39.44810084496851]],"rhoDist":[150.2987656674195,180.26334261620335,446.4519697305747,612.6543606810977,317.0680261669258,194.7412655206542,169.2276461603575,171.90114740557158,1109.2890825289192,909.5510300563052,548.7801767212525,515.3857267158756,579.794943282928,705.0829512469123,662.0012921013066,350.98744598847566,218.7695189742667,181.7124815949176,162.65008074054484,167.69821780325427]},"features":[45.072651159083094,150.2987656674195],"projected":{"root":[0.3327318838039529,-0.9878640045204793],"xy":[{"x":0.03848682652994643,"y":0.14551359303293693},{"x":0.10103520055583586,"y":0.1492966702479128},{"x":0.3586152184187261,"y":0.26170646225736355},{"x":0.5305399751590568,"y":0.30525001151306197},{"x":0.30237043309110506,"y":0.09511169467037046},{"x":0.19493808706635965,"y":0.00001813347958628289},{"x":0.15049297624748206,"y":-0.07308279819705145},{"x":0.10237609450496447,"y":-0.13482336857436286},{"x":0.6336942614101981,"y":-0.9099905115191299},{"x":0.27824671067206375,"y":-0.8649690314025389},{"x":-0.012641913757419541,"y":-0.5474886049063561},{"x":-0.2953103071586353,"y":-0.4202656971360541},{"x":-0.4665961894519468,"y":-0.3406774207526834},{"x":-0.6057115512084132,"y":-0.3561092749296519},{"x":-0.6322044785721037,"y":-0.18937658152206466},{"x":-0.3494498483899011,"y":0.00565959291133617},{"x":-0.20716936121455845,"y":0.06903057282831855},{"x":-0.14518202993440174,"y":0.10895861746828144},{"x":-0.06479643861831312,"y":0.1494056843406842},{"x":-0.03915103078774661,"y":0.16331588350260456}],"resolution":null}},{"normal":[-0.048988740622073326,0.9984924820968795,0.024756140415575043],"root":[-1105.8545297832998,25.194448608862583,1305.006420527121],"cov":[[0.001146016523264916,0.00004818942034116729,0.00005503188370024442],[0.00004818942034116729,0.0011595004605237332,-0.000026383791236469124],[0.00005503188370024442,-0.000026383791236469124,0.000007776002306138399]],"n":263,"id":"h","colors":{"mean":[199.72623903601794,203.14448978284466,197.05323539306002],"cov":[[59.993511686785936,61.6416708404678,66.26450990224399],[61.6416708404678,64.75192222681433,68.37490543358338],[66.26450990224399,68.37490543358338,74.48959245670333]]},"roughness":8.850611120008534,"rot":[[0.9996933341026306,0.0006068435031920671,-0.024756141006946564,0],[0.0006068435031920671,0.9987991452217102,0.048988740891218185,0],[0.024756141006946564,-0.048988740891218185,0.9984924793243408,0],[0,0,0,1]],"poly":{"xy":[[-421.8134273630585,-93.94344384951273],[-408.02637902321476,-193.89730127138773],[-327.09888878883976,-240.52632959170023],[-227.2497066599335,-348.96724756045023],[-10.799755488058508,-474.38350732607523],[158.025806035379,-559.4131704120127],[238.5134769338165,-616.4786000995127],[467.058520879129,-483.71370752138773],[462.353686894754,-309.72798974795023],[558.1194339650665,-9.556847169825232],[716.721118535379,115.60813085751852],[653.9336429494415,455.189551755956],[617.788013066629,783.1736520977529],[551.8635745900665,765.3703989239248],[119.20024451194149,999.0067590923818],[-4.9289058786835085,815.212500974706],[-121.95734826149601,356.2433847637685],[-200.378002558371,261.959815427831],[-303.730297480246,147.27127783017477],[-411.75391808571476,53.25345556454977]],"rhoDist":[432.17049486689916,451.87443781795275,406.6369796992078,417.62803866104656,475.7094278904786,581.8044270394954,661.1705981135403,672.4375150053166,556.51765438861,558.3909378344727,726.1347901608981,797.1081664851658,997.6914366281886,943.7722046706199,1006.2295226011117,815.3000162837435,379.2039768944115,333.1322741341875,340.1245571778399,416.02971766116116]},"features":[40.629940568070964,333.1322741341875],"projected":{"root":[1.1058545297832998,-1.305006420527121],"xy":[{"x":0.09457649367171614,"y":0.42149351976613897},{"x":0.1944019545728172,"y":0.40777135577026463},{"x":0.2409258779407317,"y":0.32689697963776077},{"x":0.3491759814271241,"y":0.22714422436242498},{"x":0.4743102833946623,"y":0.010836758724002485},{"x":0.5591353876193724,"y":-0.15788543031368643},{"x":0.6160834466667806,"y":-0.23831378872501197},{"x":0.48333929420480315,"y":-0.4668693135526877},{"x":0.3095653628887362,"y":-0.46227150447261117},{"x":0.009696567060511582,"y":-0.5581900405001349},{"x":-0.11541435256281095,"y":-0.7168190431321814},{"x":-0.4545498837502593,"y":-0.654256895002205},{"x":-0.7821181884946209,"y":-0.6183213847114368},{"x":-0.7642963086038592,"y":-0.552406359124735},{"x":-0.9973895468067749,"y":-0.12001749218795618},{"x":-0.813740671702547,"y":0.004185126559872051},{"x":-0.3552516922170885,"y":0.12145620290395182},{"x":-0.2610337545730183,"y":0.19991002374805678},{"x":-0.1464202224412743,"y":0.3033002221927103},{"x":-0.052449748376988105,"y":0.4113477699027725}],"resolution":null}}]