[{"normal":[0.0005382562541470913,0.9998296440624079,-0.01844974618371796],"root":[-216.89494111434274,26.955196186326305,1041.7339890758444],"cov":[[0.0012036587233940639,0.000007283453856730014,-5.135864532298428e-7],[0.000007283453856730014,0.0011924471424001532,0.000022000174610565376],[-5.135864532298428e-7,0.000022000174610565376,0.000005261464052135989]],"n":805,"id":"h","colors":{"mean":[215.3801265851311,218.14037486781245,214.05341858967492],"cov":[[41.08148640243535,41.403277896520294,40.75390910997839],[41.403277896520294,43.001406645785934,41.13518613246882],[40.75390910997839,41.13518613246882,41.89416759340994]]},"roughness":6.605310089107504,"rot":[[0.9998297691345215,0.000004965768766851397,0.018449746072292328,0],[0.000004965768766851397,0.9999998807907104,-0.0005382562521845102,0],[-0.018449746072292328,0.0005382562521845102,0.9998296499252319,0],[0,0,0,1]],"poly":{"xy":[[-67.79896643002081,-384.5070457034485],[1.6452671995264942e-14,-268.6925243542862],[46.09482965559278,-261.4167694041385],[83.81373817700654,-230.2763530814072],[769.7596797000984,-1333.2628748585153],[898.6298150780902,-1070.9453105315845],[971.6230789331927,-815.288567176175],[965.9722214743641,-557.7043220979248],[929.921077867541,-338.4635925605283],[899.4418147414596,-158.59585951630405],[450.4191187236815,0],[425.3211646855459,74.9955968004101],[402.583211581931,146.52830583111552],[378.82232295677176,218.71317013413147],[338.7999140201389,284.2868828971927],[343.92905544917136,409.8786874290832],[290.45618184371244,503.0848643257747],[185.68037559799635,510.1526391913478],[72.67070493389828,412.1360477104201],[2.4706167537228358e-14,403.48233555062166],[-52.31526611811103,296.69461762410555],[-79.92017879883336,219.5788866085707],[-92.71630966247338,160.5893590256932],[-116.5428062906966,138.89030808794877],[-121.6111131919849,102.04384022645303],[-133.00397725900058,76.78988207377483],[-149.7960335694428,54.521297430418045],[-163.96775724295938,28.911939568189627],[-171.7432970096482,2.1032487895787887e-14]],"rhoDist":[390.43868666485,268.6925243542862,265.44954444616144,245.05497647604858,1539.5193594001964,1398.0198148441511,1268.3638497228615,1115.4086441958498,989.601341223479,913.3171545312862,450.4191187236815,431.8824292199429,428.42010533745815,437.426340268263,442.27187738703856,535.0586263118718,580.9123636874248,542.8930991973563,418.49391056257366,403.48233555062166,301.2716103387821,233.67097043384967,185.43261932494684,181.30842059561425,158.75203362462995,153.5797641475497,159.40960932965663,166.49722419572257,171.7432970096482],"resolution":10},"features":[38.092108147663005,153.5797641475497],"perimeter":[{"x":0.601396885224833,"y":-0.9737601559452748},{"x":0.4855820439800002,"y":-1.0415481573491043},{"x":0.47830606118764923,"y":-1.0876351772843496},{"x":0.44716546207292784,"y":-1.1253478202662617},{"x":1.5501484178090863,"y":-1.8111715290240245},{"x":1.2878302515454152,"y":-1.9400210318873081},{"x":1.0321731827599114,"y":-2.0130031410134364},{"x":0.7745890030593178,"y":-2.007354524496835},{"x":0.5553484843054538,"y":-1.971310605892305},{"x":0.3754809286720385,"y":-1.9408374238556143},{"x":0.2168873218746804,"y":-1.4918919440196345},{"x":0.14189186056968256,"y":-1.4667986343417745},{"x":0.07035927481349452,"y":-1.4440649067042626},{"x":-0.0018254610408637575,"y":-1.4203084208986032},{"x":-0.06739896556209246,"y":-1.3802931498427178},{"x":-0.19299077736934672,"y":-1.3854220418949639},{"x":-0.28619667522913356,"y":-1.3319587328045963},{"x":-0.2932639287783727,"y":-1.2272007956574194},{"x":-0.19524679031745276,"y":-1.1142098737620472},{"x":-0.1865927185454316,"y":-1.0415514952139235},{"x":-0.07980475630398476,"y":-0.9892446034498953},{"x":-0.002688899380769669,"y":-0.9616440064918931},{"x":0.05630068319878799,"y":-0.9488497607429753},{"x":0.0779998493098114,"y":-0.925027211895661},{"x":0.11484633700131618,"y":-0.9199595847052564},{"x":0.14010034806972368,"y":-0.9085685344244582},{"x":0.16236901287244693,"y":-0.8917792257271715},{"x":0.1879784373980909,"y":-0.877609787067694},{"x":0.21689041138927442,"y":-0.8698354272139106},{"x":0.601396885224833,"y":-0.9737601559452748}]},{"r":140.78975603410214,"xc":-393.5646581458466,"yc":386.6381435394287,"zc":2993.3922846704,"root":[-401.0047225962424,463.88244505668126,2849.508192939501],"h":666.8295478820801,"error":-14774.731867207474,"id":"cyl"},{"r":130.7361981901471,"xc":-1473.358718048702,"yc":501.98437881469727,"zc":1903.4350124486436,"root":[-1351.9166222564224,705.3802648760593,1815.8163835942482],"h":963.1506271362305,"error":-156615.8261651377,"id":"cyl"},{"normal":[-0.009663567730322797,0.9998896212843684,-0.011285420086283719],"root":[-728.741527660473,151.99154059214942,997.5322557839647],"cov":[[0.0011268324881405145,0.00013968812778145613,0.000012467037368526706],[0.00013968812778145613,0.0011051611362876668,0.000013823619203312105],[0.000012467037368526706,0.000013823619203312105,0.0000028166786721567763]],"n":518,"id":"h","colors":{"mean":[233.9208506772647,230.20463468255224,226.7992294801248],"cov":[[85.88776399307886,92.51326442702972,98.17487912470752],[92.51326442702972,105.63449392049988,111.76160874495531],[98.17487912470752,111.76160874495531,119.76707568626873]]},"roughness":7.260460858711827,"rot":[[0.9999363422393799,-0.00005453171979752369,0.011285420507192612,0],[-0.00005453171979752369,0.9999533295631409,0.009663567878305912,0],[-0.011285420507192612,-0.009663567878305912,0.999889612197876,0],[0,0,0,1]],"poly":{"xy":[[-40.164714893486824,-227.78541736556053],[9.496058543049004e-15,-155.082404978489],[22.9915235582887,-130.39140956143493],[22.36500334729137,-61.44734168271007],[33.00168232737569,-57.160590526262595],[53.38529116061697,-63.62211253235319],[51.80089709688632,-43.46611364864953],[77.87284758566376,-44.959909516145665],[73.41884631024118,-26.722274691092785],[104.73460640236095,-18.46753692261777],[95.32892414247445,0],[99.96827695771783,17.627104442581995],[151.7781441658575,55.24272668853658],[200.24005224034158,115.60864806350592],[206.12529394339614,172.95965812421213],[170.0127233443761,202.61327383238572],[134.959845861501,233.75731001378395],[94.56308896256134,259.80995163851577],[46.86556402177713,265.7878212028344],[1.4287977824771772e-14,233.34038572949555],[-27.3778500961931,155.26750351075893],[-46.602926472930456,128.0404881648805],[-61.884046038562396,107.18631191672164],[-73.9338958874743,88.11098603838379],[-86.59544382888743,72.66220497845234],[-99.10609660807576,57.21893155500559],[-112.30734213220845,40.876529625674465],[-131.08881303052704,23.114494606329366],[-142.05304233082936,1.7396480359959364e-14]],"rhoDist":[231.2993745924915,155.082404978489,132.4029072299744,65.39089519647267,66.00336465475137,83.05276946245237,67.62126866422666,89.91981903229134,78.1307043241838,106.35030652633644,95.32892414247445,101.51044876723121,161.51892736895007,231.21729612701188,269.07746122946793,264.49284457627334,269.91969172300196,276.4839756017502,269.8880267644883,233.34038572949555,157.66275502588795,136.2578414820309,123.76809207712485,115.02072344476083,113.04232359719354,114.4378631100112,119.51497718294375,133.11106927171198,142.05304233082936],"resolution":10},"features":[7.57847693863678,65.39089519647267],"perimeter":[{"x":0.9566107540469684,"y":-0.9572696660646719},{"x":0.8839133267669843,"y":-0.9974278584934267},{"x":0.8592247380595316,"y":-1.0204165714201106},{"x":0.790283855348331,"y":-1.0197863314697209},{"x":0.7859978843974785,"y":-1.030422099301031},{"x":0.7924602162370379,"y":-1.0508047623851295},{"x":0.7723050721348984,"y":-1.0492193700804486},{"x":0.7738002199981346,"y":-1.075289741665833},{"x":0.7555631938923106,"y":-1.070835029508839},{"x":0.7473105492798274,"y":-1.1021483451471779},{"x":0.7288433617879998,"y":-1.0927422548109609},{"x":0.711217333432265,"y":-1.097380350937944},{"x":0.6736062929232474,"y":-1.1491848674487533},{"x":0.6132458330369969,"y":-1.1976403974239462},{"x":0.5558978219053249,"y":-1.2035221368828086},{"x":0.526243621587623,"y":-1.167410249009289},{"x":0.49509912817854185,"y":-1.1323579054913655},{"x":0.4690455001732963,"y":-1.0919623005187922},{"x":0.4630653087165996,"y":-1.0442674871573763},{"x":0.49550867340205407,"y":-0.997406677130463},{"x":0.5735764170581835,"y":-0.9700348280102324},{"x":0.6008011126662403,"y":-0.9508124606967043},{"x":0.621653481826078,"y":-0.935533451505978},{"x":0.6407272598859381,"y":-0.923485409248447},{"x":0.6561746291114006,"y":-0.9108255100919879},{"x":0.6716164991861292,"y":-0.8983164961878252},{"x":0.6879574181228634,"y":-0.8851169825493591},{"x":0.7057175995607714,"y":-0.8663376763220778},{"x":0.7288304169410104,"y":-0.8553754057394599},{"x":0.9566107540469684,"y":-0.9572696660646719}]},{"normal":[-0.05562160324521086,0.996450501184607,-0.06318730838845689],"root":[-14.467508989840917,272.0526126050574,1543.1589658241573],"cov":[[0.001174911040649363,-0.000027330074382914037,0.00006385015797319253],[-0.000027330074382914037,0.0011990169836438693,0.00007450697577677214],[0.00006385015797319253,0.00007450697577677214,0.00001153905319951078]],"n":508,"id":"h","colors":{"mean":[226.53346559795455,232.80708732362103,237.5177169940251],"cov":[[2402.935943940014,2285.6311297023594,2129.0602544908265],[2285.6311297023594,2200.560038775864,2058.8697555957174],[2129.0602544908265,2058.8697555957174,1954.6067041181218]]},"roughness":11.147870696706772,"rot":[[0.9980001449584961,-0.0017604139866307378,0.06318730860948563,0],[-0.0017604139866307378,0.9984503388404846,0.05562160164117813,0],[-0.06318730860948563,-0.05562160164117813,0.9964504837989807,0],[0,0,0,1]],"poly":{"xy":[[-37.60864325383356,-213.28921474595452],[1.480643932159634e-14,-241.8075045295535],[40.44403794937936,-229.36953713424379],[77.34662218270603,-212.50809791807274],[117.92275734468964,-204.2482070896184],[161.90408612134857,-192.94977629079952],[203.26395160706866,-170.55870682512779],[230.89069005943506,-133.30480205919324],[262.0110666500649,-95.36422930896167],[240.51798641420606,-42.40981035049655],[221.1853916704227,0],[199.08961940163712,35.104871479488104],[186.70247348582683,67.95414301271582],[161.26382290251158,93.10571156331318],[147.4660006349549,123.7386667439792],[125.90790124549609,150.05119364531697],[158.23593263768836,274.07267491152254],[100.8930642063306,277.20141568647864],[47.19120132402666,267.6346021148714],[1.584381311511745e-14,258.749104250279],[-53.06699390684201,300.9578777656369],[-85.63201523077304,235.27202822894324],[-128.55663055355345,222.66661576861617],[-194.79310123740348,232.14537821224323],[-233.73973669561244,196.13092685276303],[-186.5034317638592,107.67780653365308],[-151.23837954548787,55.04626843321208],[-134.64516836468567,23.741576004728],[-118.79864770801211,1.454863836586511e-14]],"rhoDist":[216.5795446812557,241.8075045295535,232.90793196202674,226.1463942755477,235.84551468937923,251.87804444504215,265.34224408635095,266.6096041183865,278.8263532717038,244.22836404215892,221.1853916704227,202.16089769062688,198.68462234989025,186.21142312662639,192.50319215754857,195.87792195760605,316.4718652753767,294.9915850724062,271.76329724889337,258.749104250279,305.6006381398849,250.37126292656671,257.113261107107,303.04426890306104,305.12555608906,215.3556130673062,160.94452185758385,136.72228711933846,118.79864770801211],"resolution":10},"features":[4.659162987725466,118.79864770801211],"perimeter":[{"x":0.2279162132832633,"y":-1.5053691390978488},{"x":0.2564565170061801,"y":-1.5429527740547013},{"x":0.24410902212826915,"y":-1.5832940333259409},{"x":0.22733867575645542,"y":-1.6200931341766869},{"x":0.2191630155117833,"y":-1.6605735816280929},{"x":0.2079595184647323,"y":-1.704447063670759},{"x":0.1856759573933712,"y":-1.7456847973647056},{"x":0.1485284169517312,"y":-1.7731907037128427},{"x":0.11070142285765146,"y":-1.804182052566876},{"x":0.05779122701999929,"y":-1.7826387339378447},{"x":0.015413102880692607,"y":-1.7632701429932813},{"x":-0.019676266687959555,"y":-1.7411567602285114},{"x":-0.052496440457585045,"y":-1.7287365586426937},{"x":-0.07765381589966508,"y":-1.7033045048099482},{"x":-0.10826359116493171,"y":-1.6894803496721162},{"x":-0.1345732945234073,"y":-1.66791904267872},{"x":-0.25834567746664855,"y":-1.6999640931492224},{"x":-0.26157051703403744,"y":-1.6427303949624983},{"x":-0.25211306600970834,"y":-1.5891527702286445},{"x":-0.24332441344435093,"y":-1.542071587196643},{"x":-0.2855611987898578,"y":-1.4890364153166196},{"x":-0.22003446603926466,"y":-1.4566521540004285},{"x":-0.20752415241761452,"y":-1.4138355729538332},{"x":-0.21710482988140087,"y":-1.3477148798713556},{"x":-0.18121474985515373,"y":-1.3089095328573694},{"x":-0.0928155438326252,"y":-1.3562070855613166},{"x":-0.04020348413444229,"y":-1.3914942656533662},{"x":-0.008918091524854338,"y":-1.4081094018334004},{"x":0.014814590220595808,"y":-1.423966026555241},{"x":0.2279162132832633,"y":-1.5053691390978488}]},{"normal":[-0.07596494337878135,0.9970795812149476,-0.007850866301463897],"root":[-1203.9162782229919,23.392119286396248,1168.2570985354919],"cov":[[0.0011636176042542135,0.000003799015565566455,0.0000886829623742388],[0.000003799015565566455,0.0012413056538350651,0.000010063305797133341],[0.0000886829623742388,0.000010063305797133341,0.000009965338184601134]],"n":291,"id":"h","colors":{"mean":[200.97594823726675,202.07904095502244,196.39519249655538],"cov":[[12.982298504165692,12.9505233349572,13.348513213611424],[12.9505233349572,15.01774523228611,15.70174693957303],[13.348513213611424,15.70174693957303,18.57381033583557]]},"roughness":9.858332600349684,"rot":[[0.9999691247940063,-0.00029863137751817703,0.00785086676478386,0],[-0.00029863137751817703,0.9971104264259338,0.07596494257450104,0],[-0.00785086676478386,-0.07596494257450104,0.997079610824585,0],[0,0,0,1]],"poly":{"xy":[[-101.13045395325025,-573.5393049147542],[3.188812743679665e-14,-520.7726416955225],[106.01381399095162,-601.2342159152173],[209.25572153952155,-574.9253698215194],[335.07396596204836,-580.3651333398723],[474.81208645663605,-565.8590098418485],[583.3994263785467,-489.53024350327513],[662.1747014134772,-382.3067421116311],[614.3814628166718,-223.61656495019614],[752.8506429387654,-132.74788079381912],[796.8102982519033,0],[800.4304603054802,141.13748633275213],[827.5833946535806,301.2157220268827],[820.7769020275698,473.8757653302444],[756.4744656913148,634.7574451566122],[503.7391877118573,600.332986686095],[328.0210440645494,568.1491142715889],[218.96587151733848,601.6037876250892],[121.77954436542028,690.6461159609361],[3.1708268968741255e-14,517.8353300040108],[-71.75189475372542,406.9252162399264],[-116.96643281861557,321.3626330033024],[-154.2723325931446,267.20751825349066],[-185.9643523117434,221.62368496197553],[-250.16027482495204,209.90939434082435],[-283.5493482843482,163.70729256051135],[-708.1766611252207,257.7552252516037],[-353.9692471537915,62.4143286142766],[-306.0354838652284,3.747853757410634e-14]],"rhoDist":[582.3870731728941,520.7726416955225,610.5092228165715,611.8227993965546,670.1479319240966,738.6764761818947,761.5738637868247,764.6134842232623,653.8110965507383,764.4645776153153,796.8102982519033,812.7783903581411,880.6958534605011,947.7515306604889,987.5072817071831,783.6790568466462,656.0420881290987,640.2133786279393,701.3004455422627,517.8353300040108,413.2026936173826,341.98697094644837,308.5446651862893,289.30917383804336,326.56104625785855,327.41458512102275,753.6258617556663,359.4297933491224,306.0354838652284],"resolution":10},"features":[43.62167331756794,289.30917383804336],"perimeter":[{"x":1.776527758096277,"y":-1.0672225339494645},{"x":1.7239437678139615,"y":-1.1683341089206367},{"x":1.8042045028865021,"y":-1.2743686793450466},{"x":1.7780025089405758,"y":-1.3775995438797095},{"x":1.7834641272342986,"y":-1.5034155296430198},{"x":1.7690416501741988,"y":-1.6431450054000283},{"x":1.6929658676412334,"y":-1.7517061998139465},{"x":1.5860757192941488,"y":-1.830447023297048},{"x":1.4278298136731382,"y":-1.782607869883351},{"x":1.337265050879224,"y":-1.9210456401751106},{"x":1.204913880208865,"y":-1.964964296074556},{"x":1.0641852995936147,"y":-1.9685421983175515},{"x":0.9045777275907141,"y":-1.9956464902583984},{"x":0.73241456246182,"y":-1.9887886459964574},{"x":0.5719785564804617,"y":-1.9244401499171733},{"x":0.606228068879246,"y":-1.671722952359527},{"x":0.6382664692526001,"y":-1.4960198430358804},{"x":0.6048758977443636,"y":-1.3869580456562869},{"x":0.5160618392868603,"y":-1.2897481271447782},{"x":0.688336911665464,"y":-1.1680239479977366},{"x":0.798905117114999,"y":-1.0963073889705381},{"x":0.8842069600247894,"y":-1.0511197980388165},{"x":0.9381944498438368,"y":-1.0138312220568384},{"x":0.9836371018802037,"y":-0.9821537932154144},{"x":0.9952983724901223,"y":-0.9179633502431752},{"x":1.0413569997005854,"y":-0.8845891046716897},{"x":0.9474540167096734,"y":-0.45994681149033456},{"x":1.1423362423977907,"y":-0.8142016284365893},{"x":1.2045845358605463,"y":-0.8621525512163328},{"x":1.776527758096277,"y":-1.0672225339494645}]}]