[{"normal":[-0.06560441481144923,0.9977131437650223,-0.016264793751023486],"root":[44.02201399413363,78.53673711107267,1042.2083067635037],"cov":[[0.00119895664726969,0.000023685661591370288,0.00007922326384394213],[0.000023685661591370288,0.0011824247250542825,0.000020833421286607506],[0.00007922326384394213,0.000020833421286607506,0.000007710097215620053]],"n":755,"id":"h","colors":{"mean":[232.16423977171348,226.90728644266824,223.81589589845265],"cov":[[60.962604421972436,61.79562317404561,61.11881432659609],[61.79562317404561,66.08413224620794,64.63506184883967],[61.11881432659609,64.63506184883967,64.74802041838053]]},"roughness":11.541500653241528,"rot":[[0.9998675584793091,-0.0005341318901628256,0.016264794394373894,0],[-0.0005341318901628256,0.9978455901145935,0.06560441851615906,0],[-0.016264794394373894,-0.06560441851615906,0.9977131485939026,0],[0,0,0,1]],"poly":{"xy":[[-83.13836047444124,-23.52827391234652],[-91.99718615803499,-66.05613646117465],[-114.78832385334749,-156.952281328118],[-138.11199328694124,-310.46122297850866],[-14.944512818191242,-339.81910261718053],[32.36432507243376,-210.17780623046175],[42.38678600993376,-118.95266279784457],[55.31134655680876,-69.70870337096468],[62.23590710368376,-36.449189992821374],[75.57245495524626,-3.18711409178988],[81.89777233805876,26.369312910163245],[98.56586315837126,69.08256211670621],[141.30451061930876,191.72827592285856],[140.90180065837126,213.93129411133512],[10.645941283371258,256.28108659180384],[-2.7449278572537423,269.8030287304757],[-41.17992541584749,126.19575944336637],[-55.67870471272249,70.23076310547575],[-64.19341418537874,46.5182768383859],[-70.49382922444124,19.236088422858558]],"rhoDist":[92.27573771542119,116.8408281569449,198.2458115964004,342.7780281931296,343.40637830074974,214.94823417471412,126.48820977149762,89.00032277347498,72.14414038010179,75.69340766326107,86.10238458062906,120.46454554063915,238.5285743875068,256.3073531270008,256.8037157795072,270.0930368086058,134.15610967246263,92.1998050122434,82.7388318284587,78.60396176826649]},"features":[13.70148949691272,72.14414038010179,11.541500653241528],"projected":{"root":[1.0422083067635037,0.04402201399413363],"xy":[[-0.08327743176518963,-0.024089221120548763],[-0.09211236884781426,-0.06652072845508811],[-0.11485193793963631,-0.15720887018922675],[-0.1380905247593734,-0.31037462918522035],[-0.014923673539925138,-0.3397350469152351],[0.032309654014923396,-0.2103983231819825],[0.04228206148901811,-0.11937507153024222],[0.05517860775595971,-0.070244108337408],[0.062084486364156734,-0.037059948983009086],[0.07540150181260385,-0.0038766574733360253],[0.08171019454690619,0.025612713631465722],[0.09835326361764761,0.06822503704311099],[0.14102074250560384,0.19058369079459117],[0.14060622653296337,0.21273908916686313],[0.010344995678076596,0.25506721566127377],[-0.0030513227015188985,0.26856717817085846],[-0.04140452535508734,0.12528983048994263],[-0.05587149198890799,0.06945315125064064],[-0.06437240832185188,0.0457962999256899],[-0.07065741675338207,0.018576254411379715]],"resolution":null}},{"r":190.35372661497834,"xc":72.48648710893384,"yc":242.3501491546631,"zc":3315.9818163712375,"root":[56.580706526799986,364.3674757889114,3122.666146558263],"h":594.5960884094238,"error":15597.43344791457,"id":"cyl"},{"normal":[0.14981718825298682,0.9533929703311077,-0.2619096298863348],"root":[-440.68714231603286,78.97389266070198,2200.4858165067785],"cov":[[0.0011921016416948402,0.0006542200313802926,-0.000007605247797173863],[0.0006542200313802926,0.0007370400768987263,0.00009966980154968367],[-0.000007605247797173863,0.00009966980154968367,0.000032006690371817085]],"n":136,"id":"h","colors":{"mean":[238.8970597833395,242.40441251546144,237.0000010728836],"cov":[[5.888019907882397,6.121617990729474,6.6642327822037855],[6.121617990729474,7.042753561552152,7.160583087997715],[6.6642327822037855,7.160583087997715,7.971531896521575]]},"roughness":8.777181691160692,"rot":[[0.9648833274841309,0.020087389275431633,0.2619096338748932,0],[0.020087389275431633,0.9885096549987793,-0.14981718361377716,0],[-0.2619096338748932,0.14981718361377716,0.9533929824829102,0],[0,0,0,1]],"poly":{"xy":[[-286.6916270536535,-71.48515993006089],[-267.8652110380285,-93.63060670740464],[-175.80307724896602,-186.83751588709214],[-93.20456650677852,-248.5896521175609],[-13.58493760052852,-325.04027467615464],[139.82741591509648,-449.6257849300609],[281.5749745088465,-439.6837683284984],[314.9687733369715,-361.80272584802964],[467.5918202119715,-155.1212683284984],[384.7375721650965,-34.04045778162339],[495.7405018525965,56.88153928868911],[289.3384022432215,162.4644250308766],[165.70754286822148,217.642006817986],[175.07790419634648,331.8022088443532],[92.91628310259648,343.6761178409352],[-10.64182236615352,178.96775144689224],[-83.08591416302852,120.10749143712661],[-105.89304306927852,116.21021360509536],[-161.32810166302852,71.20975584142349],[-243.57492783490352,1.2159814273609868]],"rhoDist":[306.2535528634075,292.7977715437567,257.7525384672805,266.1920776447737,330.98243140741505,489.97784468319765,535.1220270642626,492.91343309826226,509.02339800088737,404.35269404052207,516.3774616980137,335.7676505177162,273.5761842181763,375.35167953065667,358.0599864908385,183.82226258959534,155.5847541151809,169.26581355778023,191.74751520833334,257.7815850606206]},"features":[13.025647967652816,155.5847541151809,8.777181691160692],"projected":{"root":[2.2004858165067787,-0.44068714231603284],"xy":[[-0.2806790186107376,-0.07492448398765572],[-0.26295856781587135,-0.09643729805213745],[-0.17600163293551901,-0.1867239383348504],[-0.09754414592673641,-0.24610733183334377],[-0.022256186558218982,-0.3200801587077321],[0.1232662385300201,-0.44015248289428655],[0.26023580419136344,-0.42747736531076913],[0.2940213508322529,-0.3498204098783333],[0.4454364755207999,-0.14244799836187833],[0.3679239900052188,-0.024422775511801432],[0.4768552520780832,0.06768425403385064],[0.27982219115705975,0.16790787508030536],[0.16164120928564146,0.21996802539204607],[0.17297569511556377,0.33300471160738415],[0.09393783229654662,0.3430917726682657],[-0.009292218483146174,0.17819575287969472],[-0.08037466402780427,0.11855660584316768],[-0.10245916867461013,0.11424597347063979],[-0.15685147436574398,0.06864904161786935],[-0.23761605814174128,-0.0021926030641024755]],"resolution":null}},{"normal":[0.5852531304260685,0,0.8108506479780894],"root":[-827.4866676867848,610.8895147619113,4548.822791730854],"cov":[[0.0008299131736088706,-0.0006003972711312609,0.000001166660828966229],[-0.0006003972711312609,0.0004826233767465241,-0.00004149571554788105],[0.000001166660828966229,-0.00004149571554788105,0.0032803581188922846]],"n":142,"id":"v","colors":{"mean":[102.28169164397347,62.11267767920041,20.69014137125456],"cov":[[40.94287899599697,44.70974490557426,37.450308392196405],[44.70974490557426,52.253841195600856,43.21649474923383],[37.450308392196405,43.21649474923383,40.129135049022835]]},"roughness":204.2469617680194,"rot":[[0.34252122044563293,-0.47455286979675293,-0.8108506202697754,0],[-0.47455286979675293,0.6574787497520447,-0.585253119468689,0],[0.8108506202697754,0.585253119468689,0,0],[0,0,0,1]],"poly":{"xy":[[-5.126014387104078,-0.15151590696518724],[-7.557655012104078,-5.121852821027687],[-3.735877668354078,-3.7911033093089372],[-9.630408918354078,-26.453823035871437],[-0.8081432933540782,-2.8691062389964372],[13.972130144145922,-62.85787577024644],[217.26509889414592,-300.7794455944652],[227.71968873789592,-268.9156760632152],[22.017052019145922,-12.636623328840187],[9.746544206645922,-1.8000144421214372],[9.248497331645922,1.1735573352223128],[8.099571550395922,3.7300758899098128],[7.838829362895922,9.360019737566063],[2.819298112895922,5.496433311784813],[1.4984973316459218,40.82474141725356],[-10.319373762104078,36.17221456178481],[-256.3691784496041,367.73059468873794],[-282.6201550121041,360.51099019655044],[-37.69095579335408,17.655063682878563],[-10.379920637104078,1.4997292102223128]],"rhoDist":[257.3611688005684,178.20552531295738,207.6638132609924,345.4567046733869,114.678351061437,223.4923190610085,582.6810152257779,571.3282833548229,466.7081394677428,105.52904503400993,314.88853443485465,170.79573494680477,270.75994369677926,24.161898764634998,395.362128141393,290.634483118182,676.3740321347514,683.5389723477657,434.41386047944513,267.84585919838145]},"features":[0,24.161898764634998,204.2469617680194],"endpoints":[[4.751001421523247,-1.1075990916137388],[4.315147921719297,-0.5037371481803674]]},{"normal":[-0.05804118451679735,0.9982159124407168,0.014007606863200173],"root":[-274.14921220420064,-20.87615701150203,1519.5861933169158],"cov":[[0.0012060146066993208,-0.000013096851093982874,0.00007030740642779175],[-0.000013096851093982874,0.0012120419714501595,-0.000017769666830231182],[0.00007030740642779175,-0.000017769666830231182,0.000010397760595271407]],"n":345,"id":"h","colors":{"mean":[194.8492789475814,201.13333654403687,196.20869915640873],"cov":[[35.19150539689584,35.13853145662609,35.21922173769875],[35.13853145662609,35.2889167951926,34.769938051625225],[35.21922173769875,34.769938051625225,37.24009357523712]]},"roughness":4.618683975347237,"rot":[[0.9999018311500549,0.00040687198634259403,-0.01400760654360056,0],[0.00040687198634259403,0.9983140826225281,0.05804118514060974,0],[0.01400760654360056,-0.05804118514060974,0.998215913772583,0],[0,0,0,1]],"poly":{"xy":[[-706.7242548403533,-153.8791386258775],[-589.324047320822,-347.62544599892436],[-407.6701776919158,-541.651263870018],[-332.1020624575408,-605.6064640653306],[-112.6013300356658,-770.4480778348618],[0.8679082455842035,-657.999896682518],[384.9625127377717,-657.5273625028306],[748.6242559018342,-713.7773014676743],[381.5982549252717,-276.6428410184556],[541.4687383237092,-1.6110111844712378],[746.1020391049592,241.16012223838032],[1383.0410039487092,723.8939631807632],[801.8261601987092,1069.9460872042007],[692.0112187924592,1225.6401179659194],[295.1970098080842,948.9645808565444],[-132.8670771059783,962.5992854463882],[-464.6323358950408,912.3690608370132],[-307.7406122622283,396.0764735567397],[-342.4238398012908,244.62616380332173],[-408.6016962466033,1.7072871553725122]],"rhoDist":[723.3522237803921,684.5441506672872,678.3332157425185,691.1871930787299,779.33031029389,658.3727307369314,762.5521961282304,1034.7029631295645,471.4499755357191,541.6662177565325,784.7678736113509,1561.1475270908684,1338.023687150766,1408.748746982134,994.7535367614732,972.8164732948627,1025.0831863594292,504.69338863794394,422.9136577165255,409.69989929150137]},"features":[48.814292017383536,409.69989929150137,4.618683975347237],"projected":{"root":[1.5195861933169157,-0.27414921220420063],"xy":[[-0.7065773917186264,-0.1544876729479869],[-0.5892675421555709,-0.34785957783561366],[-0.4077104535398436,-0.5414843789806884],[-0.3321757802298177,-0.6053010109736875],[-0.11276367092510732,-0.7697754106469038],[0.0007401773601074167,-0.6574706376902537],[0.38479725828212236,-0.6568426228148707],[0.7484004054770128,-0.7128497665976484],[0.38158830206504496,-0.27660160086926117],[0.5415549898715684,-0.0019683985706989105],[0.7462669736416047,0.24047670815001326],[1.3833398057060649,0.7226558639035642],[0.8023228327533378,1.0678881008779741],[0.692582022069348,1.2232749674701757],[0.29569420637868965,0.946904423245223],[-0.1323222995802533,0.9603419738870327],[-0.4640754182438826,0.9100614460911668],[-0.3074091654505191,0.39470310794591135],[-0.34215060819028914,0.24349401564233655],[-0.4084208032472724,0.0009577484187060913]],"resolution":null}}]