[{"normal":[-0.0004499751595947206,0.9600085885669758,-0.27997019019888325],"root":[400.0871688179348,158.09813126273778,928.5834778969332],"cov":[[0.0011845821247552489,0.0000059200390954409375,0.0000022817160474001324],[0.0000059200390954409375,0.0003859134012732444,0.00011254786000049099],[0.0000022817160474001324,0.00011254786000049099,0.00003282375081539203]],"n":161,"id":"h","colors":{"mean":[196.00000351667404,196.00000351667404,98.00000175833702],"cov":[[0.0006172839448683792,-5.7489047815770276e-12,-2.8744523907885138e-12],[-5.7489047815770276e-12,0.0006172839448683792,-2.8744523907885138e-12],[-2.8744523907885138e-12,-2.8744523907885138e-12,0.0006172839491800578]]},"roughness":0.004060417989420493,"rot":[[0.9600086808204651,-0.00006427503831218928,0.2799701988697052,0],[-0.00006427503831218928,0.9999998807907104,0.00044997516670264304,0],[-0.2799701988697052,-0.00044997516670264304,0.9600085616111755,0],[0,0,0,1]],"poly":{"xy":[[-225.14292613912073,-69.19748986285668],[-225.12644664693323,-161.82340539020043],[-225.10178844380823,-307.38939965289575],[-225.09782115865198,-347.0916205696438],[-108.15061656880823,-343.72104180377465],[105.79384143900427,-337.5552092842434],[105.79384143900427,-321.9347716621731],[105.74818714212927,-142.3127547554348],[105.72523792337927,-72.03260338824731],[105.71754749369177,-32.98755944293481],[105.70241077494177,29.481709355893315],[105.69472034525427,76.33424841839332],[105.67958362650427,138.8001602836277],[136.69423206400427,320.75578772503394],[105.55751331400427,591.6021622367527],[-3.485882682089482,541.680592412534],[-156.82694713521448,471.4730118461277],[-225.20853893208948,307.8694962211277],[-225.18394176412073,162.3443497367527],[-225.16752330708948,69.73161780315894]],"rhoDist":[244.5299114207265,284.941331720186,386.6397449600427,418.89663634507303,361.72715561346035,355.0749331817795,340.2598364884977,179.95108565773958,131.5880603684391,114.95237904004428,113.98820511285872,133.97851669047,177.16399410985161,350.95713843199076,601.7479176547126,541.692351394818,498.95207055829565,387.03684149745385,285.24879596653807,244.68724809438473]},"features":[7.032240947667862,113.98820511285872,0.004060417989420493],"projected":{"root":[0.9285834778969332,0.4000871688179348],"xy":[[-0.21893442023746568,-0.06918751139539213],[-0.21891264624727477,-0.16181341841328495],[-0.21887961789780144,-0.30737939922326973],[-0.21887325740771893,-0.3470816162935984],[-0.10660314115548696,-0.34371855466221296],[0.09878500180060443,-0.3375664740682999],[0.09878399779634678,-0.3219460380598907],[0.09872862406215024,-0.14232403677447747],[0.09870207535311727,-0.07204389119248165],[0.09869218285199996,-0.03299885078639395],[0.09867363625566407,0.02947041253199281],[0.09866324192748348,0.07632294724871888],[0.09864469554691462,0.13878885363385865],[0.12840733241696525,0.3207424688106575],[0.09849840311897216,0.591590816656588],[-0.006180996117545371,0.5416762607581624],[-0.15338523821829445,0.4714785434476102],[-0.2190216450847396,0.30787943995315276],[-0.21898867795503937,0.16235430692119165],[-0.218966963406505,0.0697415834996099]],"resolution":null}},{"normal":[-0.00014257257910875822,0.9997601655418354,-0.02189956777705026],"root":[-246.5628559917485,105.611074080161,964.759662033221],"cov":[[0.0012098791645667112,-0.000009816546672960247,-4.249272751912485e-8],[-0.000009816546672960247,0.001182592604602716,0.000025903079777861782],[-4.249272751912485e-8,0.000025903079777861782,5.674054341487524e-7]],"n":218,"id":"h","colors":{"mean":[93.00000205636024,93.00000205636024,187.00000405311584],"cov":[[0.0004566210013767492,-3.1894608719708167e-12,-6.378921743941633e-12],[-3.1894608719708167e-12,0.0004566210013767492,-6.378921743941633e-12],[-6.378921743941633e-12,-6.378921743941633e-12,0.0004566209918083666]]},"roughness":0.0033595162459440233,"rot":[[0.9997601509094238,-0.0000015613261439284543,0.021899567916989326,0],[-0.0000015613261439284543,1,0.0001425725786248222,0],[-0.021899567916989326,-0.0001425725786248222,0.9997601509094238,0],[0,0,0,1]],"poly":{"xy":[[-69.8152650605648,-21.477671352001494],[-69.81532609572105,-43.81913253364212],[-69.80922258009605,-95.95194503364212],[-69.80336320509605,-207.66373702582962],[-4.207843185564798,-744.1088359027827],[57.55027449021645,-779.3814799457515],[57.51328718552895,-170.17563888129837],[57.50584089646645,-73.989512172314],[57.50596296677895,-33.91343185004837],[57.5060240019352,-17.883005824657744],[57.5061460722477,14.177846226123506],[57.50620710740395,38.223500522998506],[57.49851667771645,78.301015171436],[57.4988218534977,174.4827549785649],[57.49119245896645,238.60397699776047],[-69.8268617402523,239.17267445030564],[-69.82692277540855,209.38455322685593],[-69.82106340040855,90.23080948295944],[-69.8150209199398,45.546666416553194],[-69.8151429902523,15.758076939014131]],"rhoDist":[73.06030596857462,82.44178429645932,118.6696985575459,219.0871687580092,744.1207617224904,781.5042030167738,179.6358860590056,93.71733385683189,66.77299561721335,60.23557033364168,59.24148253702401,69.06221371477803,97.15324172898833,183.71714166471946,245.4358907439386,249.16177132131924,220.7259074356078,114.10027095598477,83.37246404521623,71.5877754568351]},"features":[10.466193247957007,59.24148253702401,0.0033595162459440233],"projected":{"root":[0.964759662033221,-0.24656285599174851],"xy":[[-0.07001748380806821,-0.021478987855079054],[-0.07001750994627899,-0.043820448809530385],[-0.07001132649810136,-0.09595326078914614],[-0.07000529410977865,-0.20766505165496635],[-0.004424667923725199,-0.7441102474951233],[0.05731869372721994,-0.7793829876041213],[0.057280764123970436,-0.17017715267430683],[0.057273169442793134,-0.07399102693139842],[0.057273228911997626,-0.03391494701668428],[0.057273264903792656,-0.017884521154333245],[0.05727333688738273,0.014176330570368822],[0.057273360364792185,0.03822198462273192],[0.05726560920538453,0.07829949887580122],[0.05726576413691077,0.1744812377047962],[0.05725803645795235,0.23860245908413144],[-0.07002948466679361,0.23917135531590464],[-0.07002949917833924,0.20938323439533715],[-0.07002345517070259,0.090229491853453],[-0.07001734437284596,0.0455453492318129],[-0.07001741990417902,0.015756760057256177]],"resolution":null}},{"normal":[-0.00016535546576788447,0.999761619136586,-0.021832946639469854],"root":[-559.3018909801136,138.94895565148556,2491.512414180871],"cov":[[0.0011707968718896464,0.000051787488395497585,0.0000013245868889682172],[0.000051787488395497585,0.0011320633070017357,0.000024730736452843765],[0.0000013245868889682172,0.000024730736452843765,5.403191631472273e-7]],"n":33,"id":"h","colors":{"mean":[93.33333536982536,92.54545662890781,186.90909496762535],"cov":[[3.5715682020362958,1.3823527763854466,1.1764704479856471],[1.3823527763854466,1.4788768293996863,0.5187165156992919],[1.1764704479856471,0.5187165156992919,1.553743130634265]]},"roughness":0.004582373121502772,"rot":[[0.9997616410255432,-0.0000018053136727758101,0.021832946687936783,0],[-0.0000018053136727758101,1,0.00016535546455997974,0],[-0.021832946687936783,-0.00016535546455997974,0.9997616410255432,0],[0,0,0,1]],"poly":{"xy":[[-72.78682824337102,-10.489063609730124],[-72.78682824337102,-38.981068004261374],[-72.78707238399602,-95.96507679332387],[-72.78756066524602,-209.93309437144887],[-43.62276574337102,-490.1120494495739],[47.04740027225398,-460.5241588245739],[110.34378699100398,-284.1871226917614],[110.30423620975398,-148.60722767223012],[110.30448035037898,-73.29259144176137],[110.30472449100398,-28.103870738636374],[110.30472449100398,32.147838245738626],[110.30496863162898,77.33658946644175],[110.30521277225398,137.58826793323863],[110.26541785037898,333.409892689098],[46.89676550662898,559.3503212627362],[-43.72750207149602,559.3507861640643],[-72.82125207149602,217.45219005237925],[-72.82174035274602,89.24015391956675],[-72.82198449337102,46.502818714488626],[-72.82198449337102,18.011241566051126]],"rhoDist":[73.55612059959064,82.58336836197802,120.45677165912515,222.1993243775768,492.0506146924674,462.9220957693862,304.86661090021244,185.08606030116715,132.45612697735294,113.85393639168103,114.91908348842273,134.73652079021826,176.3620945729135,351.1788716679145,561.3139102999253,561.0580941992272,229.32692598266792,115.1924017846543,86.41783307881188,75.03293311252938]},"features":[8.194933504013557,73.55612059959064,0.004582373121502772],"projected":{"root":[2.491512414180871,-0.5593018909801136],"xy":[[-0.0729877887819566,-0.010490585617913788],[-0.07298773734495055,-0.038982589622878296],[-0.0729878785533683,-0.09596659763236653],[-0.07298816097020383,-0.20993461365134303],[-0.043829812167650056,-0.49011361755022875],[0.04681868763980887,-0.46052589101787283],[0.11009966823301527,-0.28418897156592365],[0.11005988211513107,-0.14860907832875378],[0.11005999023101587,-0.07329444312849111],[0.1100601527336289,-0.0281057230436652],[0.11006004396039283,0.032145985116897535],[0.11006020646295075,0.07733473571930113],[0.11006034177219966,0.1375864133618454],[0.11002020281666522,0.33340803551210846],[0.046666247587192004,0.559348575396795],[-0.04393641813971231,0.559349203903349],[-0.0730226159100399,0.21745066498973606],[-0.0730228726119535,0.08923863061082829],[-0.07302303954008636,0.04650129599053187],[-0.07302298810385162,0.01800971923165528]],"resolution":null}},{"normal":[-0.00012111791439913472,0.9997607547103128,-0.02187278380812319],"root":[-163.35907654140306,42.01275245003078,1571.6934296981149],"cov":[[0.001247496486226225,-0.0000021673297989366735,1.0371344945318318e-7],[-0.0000021673297989366735,0.0012271530000305406,0.00002684741288376547],[1.0371344945318318e-7,0.00002684741288376547,5.874002694943349e-7]],"n":92,"id":"h","colors":{"mean":[162.65217941740283,149.0760931048704,119.39130557458039],"cov":[[28.31149732637349,33.133706683523314,33.48948313130106],[33.133706683523314,56.67276876222653,55.01356295423372],[33.48948313130106,55.01356295423372,58.00015139412185]]},"roughness":0.011302957904008103,"rot":[[0.9997607469558716,-0.0000013247514516478986,0.021872783079743385,0],[-0.0000013247514516478986,1,0.00012111791147617623,0],[-0.021872783079743385,-0.00012111791147617623,0.9997607469558716,0],[0,0,0,1]],"poly":{"xy":[[-412.89020704186487,-120.3682794156282],[-412.88080762780237,-297.7405023160188],[-412.86188672936487,-563.808648067972],[-412.84296583092737,-874.231011349222],[-265.72248243248987,-884.354058224222],[265.58928514563513,-883.416558224222],[607.8390410050101,-870.143364864847],[814.1556913956351,-869.3051080289094],[814.1569120987601,-582.438775021097],[814.0878203018851,-238.18666930820632],[3142.505789051885,1004.265570682028],[3142.383718739385,1226.818793338278],[1603.3358671768851,1217.3731146273406],[869.9755156143851,1214.026557010153],[39.89507127844763,163.41784101028156],[-51.83600782311487,163.41831039313388],[-109.24750684655237,163.4186045159788],[-216.04267286217737,163.4191516344638],[-412.89911817467737,154.55185608241868],[-412.89924024498987,127.9469404635222]],"rhoDist":[430.1730606076993,509.1192839490041,698.869381841252,966.8522786923535,923.4316211577138,922.4936236156618,1061.5040131213977,1191.1563614774054,1001.1991602466928,848.402917905269,3299.7939480042214,3374.079823760859,2013.4370261260412,1493.6823150398498,168.21947273004056,171.44607611594304,196.58655993071335,270.92878846866404,440.96869323886557,432.36288865575597]},"features":[24.796362891154725,168.21947273004056,0.011302957904008103],"projected":{"root":[1.5716934296981149,-0.16335907654140305],"xy":[[-0.4130099964135196,-0.12036894273489239],[-0.4130003642740444,-0.297741164346594],[-0.41298109542804246,-0.5638093081718293],[-0.41296176782372646,-0.874231669200994],[-0.2658764678182129,-0.8843549108998084],[0.2653081885777273,-0.8834181147627195],[0.6074760477220592,-0.870145374896572],[0.8137433382288795,-0.8693073913850651],[0.8137441786133757,-0.5824410604832213],[0.813674647297405,-0.2381889572041151],[3.141533924156017,1.0042601890968443],[3.1414115882196643,1.226813410282234],[1.6027319478295117,1.217369770496458],[0.8695470483304472,1.2140241844240074],[0.039666582537116024,0.16341657578130764],[-0.052042551009382584,0.16341716668503645],[-0.10944031502364526,0.16341753686384575],[-0.2162099315829766,0.16341822545937756],[-0.4130192696152987,0.154551190758241],[-0.4130193564115069,0.12794627533467065]],"resolution":null}},{"normal":[0.00019424547101922065,0.9699606145353142,0.24326193397030452],"root":[391.2207842015508,162.54923532969917,1272.1378975483908],"cov":[[0.0011854322427389745,0.000005840134096775897,-0.000001702076491189032],[0.000005840134096775897,0.0005148294617444068,-0.00012911817559564838],[-0.000001702076491189032,-0.00012911817559564838,0.00003238262783143786]],"n":67,"id":"h","colors":{"mean":[167.00000524520874,167.00000524520874,84.00000259280205],"cov":[[0.0014705882147502374,-2.0543880322400263e-11,-1.1983930188066819e-11],[-2.0543880322400263e-11,0.0014705882147502374,-1.1983930188066819e-11],[-1.1983930188066819e-11,-1.1983930188066819e-11,0.0014705882293021527]]},"roughness":0.002922720030831085,"rot":[[0.969960629940033,-0.000023986534870346077,-0.2432619333267212,0],[-0.000023986534870346077,1,-0.00019424546917434782,0],[0.2432619333267212,0.00019424546917434782,0.969960629940033,0],[0,0,0,1]],"poly":{"xy":[[-160.6786690327658,-50.34413625233208],[-160.7050362202658,-115.27095509998833],[-160.7314034077658,-220.7669420384649],[-160.7665596577658,-326.2579851292852],[-15.95528036089081,-346.74162389271294],[84.95475381879669,-315.7828645848516],[219.2861747172342,-310.05619527332817],[400.1453055766092,-302.34628011219536],[400.1641044047342,-280.14061452381645],[400.2391776469217,-124.6956071995977],[400.3517264750467,119.60340403087105],[400.4453544047342,286.1984052515742],[400.5580253031717,541.6641034937617],[400.6329764750467,663.8706464625117],[199.2591971781717,642.2201337671992],[-61.88313680620331,637.2021894312617],[-160.5113106343283,493.5042524195429],[-160.5993233296408,217.49698923594917],[-160.6344795796408,111.97678659923042],[-160.6521797749533,47.0467023707148]],"rhoDist":[173.1375261959287,201.84142165961796,276.0450476498777,365.9521648444326,347.13232309771286,327.7002928203979,383.71831060866145,511.45764441660936,498.6704349407231,431.05976056818895,429.7364712778533,502.360312822412,681.1470448352127,781.8926325959204,674.2859213602484,640.3851408360149,520.5024072807739,273.3420652105465,199.9090241107843,172.1775909663412]},"features":[6.937141035703951,172.1775909663412,0.002922720030831085],"projected":{"root":[1.2721378975483908,0.3912207842015508],"xy":[[-0.1534181567141872,-0.05033833870886878],[-0.15344217447867994,-0.11526515568050288],[-0.1534652191294082,-0.22076113996592273],[-0.15349678894335422,-0.32625218019296187],[-0.013035057379779108,-0.3467392920848581],[0.08484296072533397,-0.31578295385201216],[0.2151390135013252,-0.3100595067954831],[0.3905650657439131,-0.30235392996586724],[0.39058276723018215,-0.2801482652537195],[0.39065185673266106,-0.1247032627075369],[0.3907551647785619,0.11959574114413632],[0.39084198414776905,0.2861907369281811],[0.3909451427469404,0.5416564275747657],[0.39101491112160547,0.6638629664050348],[0.19569079186730903,0.6422172843835778],[-0.057606871524009895,0.6372056040434472],[-0.15326887069431683,0.49351003553215145],[-0.15334761908619596,0.21750277974613502],[-0.15337918820070554,0.11198257997375596],[-0.15339479924563876,0.04705249741343389]],"resolution":null}},{"normal":[0.012127989171775039,0.9999220707874431,-0.0029604443586814396],"root":[571.5012026186342,102.18810470015914,2466.1293312355324],"cov":[[0.0010628789660531003,-0.00018099845547818396,-0.000013427466839567331],[-0.00018099845547818396,0.0011332132564808326,0.000005550394638362669],[-0.000013427466839567331,0.000005550394638362669,0.000031846903796800814]],"n":27,"id":"h","colors":{"mean":[98.37037295103073,99.59259510040283,97.74074335892995],"cov":[[850.6570744070369,868.7527117388797,791.0212277322852],[868.7527117388797,923.7364399122669,826.7553550253734],[791.0212277322852,826.7553550253734,763.6888163609523]]},"roughness":11.034470508307544,"rot":[[0.9999955892562866,0.00001795281787053682,0.002960444428026676,0],[0.00001795281787053682,0.9999264478683472,-0.01212798897176981,0],[-0.002960444428026676,0.01212798897176981,0.9999220967292786,0],[0,0,0,1]],"poly":{"xy":[[-104.60320818865739,-32.24308494285299],[-110.49358904803239,-76.11469749168111],[-106.18206561053239,-146.059002911603],[-110.76531756365739,-303.542401349103],[-2.2213722511573906,-308.14918235496236],[95.99469220196761,-301.880291974103],[128.5759910300926,-312.56788352683736],[222.9900535300926,-242.8945742006655],[236.0122703269676,-85.65461448386861],[237.1485007957176,-69.76350120261861],[236.3621238425926,24.121600115740762],[236.6682761863426,133.9154843930845],[237.0183738425926,243.7492246274595],[201.6113914207176,281.900225604022],[92.99713360821761,287.08204933449076],[-4.105405454282391,290.8942441587095],[-78.73748553240739,215.16163917824076],[-110.56097186053239,136.149249041522],[-106.18133318865739,66.63521095558451],[-112.13128436053239,22.517046893084512]],"rhoDist":[113.15240373361358,136.5472733201224,182.70231116335995,323.25612502370876,308.8428726471736,316.9295976258684,338.7653417793107,330.3187639601422,251.23908371581692,247.3846233664729,237.7696737569712,272.0906805351228,340.121361712353,346.69867646008794,302.52688154802416,291.57701500874424,230.71784727896684,177.20185271766428,128.39836265998346,116.94875810800046]},"features":[10.785034278528446,113.15240373361358,11.034470508307544],"projected":{"root":[2.4661293312355324,0.5715012026186342],"xy":[[-0.10463293308529178,-0.03212131159370793],[-0.11052407575041158,-0.0759898032692128],[-0.10621382690463249,-0.1459288870964557],[-0.11079988604343985,-0.30340078539632975],[-0.0022564991062699303,-0.3080052789179009],[0.09595924748020426,-0.30173508633952256],[0.12854021165536758,-0.31242130692661674],[0.22295511123817652,-0.2427514268597091],[0.23598009386836405,-0.08552279787316783],[0.23711660464809292,-0.06963283293591786],[0.23633191664324182,0.024245349304122175],[0.2366400387549762,0.13403116407503687],[0.2369921067021564,0.2438568326606419],[0.20158596436179058,0.2820043920932289],[0.09297227555638761,0.287183884784477],[-0.004129769535359685,0.2909940559692639],[-0.07876288216803394,0.21526568103296284],[-0.1105876475316022,0.13625853069342536],[-0.10620927602543741,0.06674968377818727],[-0.1121599931682975,0.02263465765266159]],"resolution":null}},{"r":318.5777856916966,"xc":-523.4998912905904,"yc":540.6579322814941,"zc":3803.0068161678732,"root":[-605.8275294865364,422.91769618640114,3496.789318400803],"h":913.0874557495117,"error":9140.011297289382,"id":"cyl"}]