[{"normal":[-0.997929312774835,0,-0.06432018893586652],"root":[-1887.5594577718402,760.011276642186,1327.67066949894],"cov":[[0.00003670141141486304,-0.00005437679282372013,0.0003070868778219742],[-0.00005437679282372013,0.0008142247933741151,-0.000017548570000087114],[0.0003070868778219742,-0.000017548570000087114,0.003373348037315954]],"n":538,"id":"v","colors":{"mean":[161.23606506832027,119.75464816347153,66.53717708354989],"cov":[[27.20411632302976,31.937220283419393,33.888274514726284],[31.937220283419393,41.557737674984,42.8143118839203],[33.888274514726284,42.8143118839203,57.149840534569655]]},"roughness":203.05541231713966,"rot":[[0.9958629012107849,-0.06418700516223907,0.06432019174098969,0],[-0.06418700516223907,0.004137086682021618,0.9979293346405029,0],[-0.06432019174098969,-0.9979293346405029,2.220446049250313e-16,0],[0,0,0,1]],"poly":{"xy":[[-434.869644108315,-0.16246605628475663],[-14.809707584877515,-6.203237540659757],[-5.689834538002515,-6.596181876597257],[-5.249038639565015,-9.893667228159757],[-2.174575748940015,-9.150991446909757],[2.624618586997485,-10.996450431284757],[3.932968196372485,-10.287099845347257],[10.715805110434985,-9.723012931284757],[19.543319758872485,-9.478017814097257],[200.21092229793499,-12.320913321909757],[364.3694916338725,1.8839206624652434],[21.468734797934985,14.520029060902743],[30.218490657309985,24.244882576527743],[11.511337336997485,20.694955818715243],[3.499740657309985,20.666025154652743],[-1.7210845380025148,24.098642342152743],[-17.059463444252515,26.914194099965243],[-14.833389225502515,11.842416756215243],[-50.795059147377515,22.198984139027743],[-684.2567901044088,61.42249488121524]],"rhoDist":[775.9162263377741,653.1329927566474,650.4223967322268,659.1363662107368,645.5138428918037,663.6104898001979,656.5572895146539,660.0220353093001,657.2235835872494,671.2032796382315,641.0079679426525,474.07419168190927,452.64026779680086,491.76614514171365,465.97441313029134,492.2879862963879,467.6374233630389,492.50524878897863,488.23939008739137,892.0722383946509]},"features":[0,452.64026779680086,203.05541231713966],"endpoints":[[0.6893146070980992,-1.8464150780884647],[2.1548776936643015,-1.9408759716794712]]},{"r":191.3515847156441,"xc":-1506.9479295269514,"yc":467.1669673919678,"zc":1964.393653239961,"root":[-1463.533639979383,504.6924403594612,1783.069138142006],"h":898.0303230285645,"error":37039.83503344462,"id":"cyl"},{"normal":[0.0025852707843978277,0.9989587030357742,-0.04555025800207231],"root":[49.08811620785314,274.4727307105249,1559.516095538472],"cov":[[0.001210340027524429,-0.000035281918511427754,-0.000004741094090233064],[-0.000035281918511427754,0.001218140574573205,0.00005563576412002771],[-0.000004741094090233064,0.00005563576412002771,0.000006793882426770015]],"n":516,"id":"h","colors":{"mean":[242.2519386927922,247.0949616599395,250.1143413322956],"cov":[[497.4762609865466,411.5041377713302,339.5418240473582],[411.5041377713302,378.3449384029126,313.14001224290877],[339.5418240473582,313.14001224290877,270.56526968187904]]},"roughness":6.651371789615111,"rot":[[0.9989620447158813,0.00005891054752282798,0.045550256967544556,0],[0.00005891054752282798,0.9999966621398926,-0.0025852706748992205,0],[-0.045550256967544556,0.0025852706748992205,0.9989587068557739,0],[0,0,0,1]],"poly":{"xy":[[-60.69260921034697,-1.7728581817300935],[-87.16624202284697,-60.29047350002843],[-92.23301448378447,-117.40913061215002],[-50.15928401503447,-137.49138311459143],[-41.89207210097197,-194.2587857635172],[84.95826969590303,-263.06968359066565],[146.68568668809053,-242.29537633968908],[205.19349918809053,-211.8615689666422],[218.42482243027803,-143.44504980160315],[180.69948063340303,-19.954424420133414],[168.53248844590303,22.070498904451547],[137.03773746934053,52.35055871890467],[107.81178532090303,87.54489465640467],[99.85853825059053,199.16827722476404],[57.67836246934053,203.20817895816248],[-33.79038753065947,242.72337671206873],[-82.81297053847197,233.7564272491781],[-142.31968440565947,149.14889856265467],[-83.30247249159697,59.53529687808436],[-77.73887385878447,24.16335626529139]],"rhoDist":[60.72224614744731,106.50370954831335,149.51078197457198,146.50880558828658,199.0336564801727,276.80579200842396,283.63132584447504,294.9618919820371,262.0415935732431,182.34466503148437,171.2237420472198,147.19296860890262,139.51699925938783,222.83058893063432,212.4442604298013,245.8235956653026,248.93807835422348,207.2821845816889,102.61816552177991,81.52788515627152]},"features":[4.638514080540051,60.72224614744731,6.651371789615111],"projected":{"root":[1.559516095538472,0.04908811620785314],"xy":[[-0.061085220129667425,-0.001750574981066145],[-0.08753482184943624,-0.060269554218795006],[-0.09259970012796745,-0.1173883188379791],[-0.0505708232877526,-0.13746802560784926],[-0.04231553655325399,-0.1942347514259583],[0.08439908681102813,-0.2630379463571392],[0.14606365744601282,-0.24226007217024806],[0.2045125344347133,-0.21182291982700324],[0.2177341546343996,-0.14340584995175093],[0.180055244885048,-0.019917859888305488],[0.16790335717982285,0.022106206159538313],[0.1364430801023579,0.05238430935797935],[0.10724953644823161,0.08757680590450367],[0.09931112027240248,0.1991993467239927],[0.057174963541299,0.20323675009252357],[-0.03419651829572159,0.24274642725113502],[-0.08316874639419072,0.2337766198225229],[-0.14261867934056954,0.1491658684527016],[-0.08366800372923598,0.05955604313224189],[-0.07811226363298197,0.02418454854205921]],"resolution":null}},{"normal":[-0.007510559486804007,0.9997647025081506,-0.020350211669275975],"root":[-712.4598785240053,151.93045904423434,984.8472445032016],"cov":[[0.001184282759059415,0.000010551966905119746,0.000009111504785381471],[0.000010551966905119746,0.0011779026250563485,0.00002405547911473717],[0.000009111504785381471,0.00002405547911473717,0.000002550340594162265]],"n":571,"id":"h","colors":{"mean":[237.15586796376834,234.7267963046994,231.50087705739952],"cov":[[62.45650976768636,73.08271023266383,75.65282676215902],[73.08271023266383,91.7996045024805,94.49673104708219],[75.65282676215902,94.49673104708219,98.83346647366724]]},"roughness":6.9090504634053955,"rot":[[0.9997929334640503,-0.00007642972923349589,0.02035021223127842,0],[-0.00007642972923349589,0.9999718070030212,0.007510559633374214,0],[-0.02035021223127842,-0.007510559633374214,0.9997646808624268,0],[0,0,0,1]],"poly":{"xy":[[-146.97102380007664,-46.90926210099474],[-209.0509188196079,-139.819235245526],[-198.91584801882664,-147.13570253068224],[-89.51802087038914,-249.59615174943224],[-66.51655602663914,-232.35298768693224],[3.4460294225796133,-133.25581971818224],[29.702926395235863,-79.41902772599474],[64.44230627804836,-54.44838563615099],[72.10221838742336,-26.594198624432238],[90.87687659054836,-22.921408097088488],[147.40470862179836,39.07273252791151],[193.94584631711086,133.873879988849],[194.58549475461086,174.73185118025526],[92.14665198117336,248.157083113849],[78.46842932492336,244.91568907088026],[-2.0878450891391367,140.41190489119276],[-34.51429772585789,101.27573545759901],[-55.74018883913914,75.63334043806776],[-92.09687829226414,30.330300887286512],[-111.55354333132664,2.136636336505262]],"rhoDist":[155.17507140675679,253.2656156536265,248.28386594788907,266.50445794255916,242.10286370781702,133.5898556097241,84.79211203285604,84.52259980388223,76.86125480652807,93.94965497183428,153.0115383359977,235.70370667361559,262.2496342649161,265.7793323130492,257.49342269640437,140.7308326442437,108.26557683590886,94.47512979446059,97.56103220011425,115.63745915070372]},"features":[7.5801746400379955,76.86125480652807,6.9090504634053955],"projected":{"root":[0.9848472445032016,-0.7124598785240053],"xy":[[-0.14714050443679394,-0.046971811543949596],[-0.2092004422516305,-0.13987441917427954],[-0.19906691112624877,-0.14719145470038908],[-0.08968390814081259,-0.24965737500513424],[-0.06668852455897362,-0.23241645532613656],[0.0032519983741824015,-0.13332742986921933],[0.02949934307665933,-0.07949416328967038],[0.06422962028460294,-0.054526880682381554],[0.07188581721540234,-0.026674064814616965],[0.09065630666564986,-0.023002812829819152],[0.14716769415721015,0.03898525868417698],[0.19369194802591885,0.13378017490849967],[0.19432834123498746,0.17463694470764649],[0.09190510064282785,0.2480679348668801],[0.07822995834750206,0.2448276776786202],[-0.0023016464780684282,0.1403329981910556],[-0.03471839275641644,0.10120041103872404],[-0.05593792836026069,0.0755603616179743],[-0.09228362621036668,0.030261378687815556],[-0.11173410713604055,0.002069996479460675]],"resolution":null}},{"normal":[0.0037459888301968193,0.999388939330714,-0.03475220152903591],"root":[-251.86975335993873,31.74020635737628,1243.8683773228593],"cov":[[0.0011964608756997118,0.000016689023089398583,-0.0000039043345677071715],[0.000016689023089398583,0.0011874630021530019,0.00004122963047060512],[-0.0000039043345677071715,0.00004122963047060512,0.000004420415523037596]],"n":589,"id":"h","colors":{"mean":[209.88964615228423,213.62479024204617,207.9677447388249],"cov":[[22.738686823447125,22.714592555657788,22.747290891371037],[22.714592555657788,23.54589227527001,23.145541253957454],[22.747290891371037,23.145541253957454,23.298958403522434]]},"roughness":6.0020144316282735,"rot":[[0.9993959665298462,0.00006511057290481403,0.03475220128893852,0],[0.00006511057290481403,0.9999929666519165,-0.003745988942682743,0],[-0.03475220128893852,0.003745988942682743,0.9993889331817627,0],[0,0,0,1]],"poly":{"xy":[[-418.99496423692176,-41.41402959904565],[-541.4207454869218,-318.9797339447488],[-525.1945491978593,-575.3441138275613],[-119.34933435410926,-183.58904790959252],[-4.01718103379676,-255.01183843693627],[168.25173986464074,-1118.1016821869362],[524.1075748255782,-1259.1221899994362],[677.9968570521407,-930.3098120697488],[713.3832095912032,-432.0743384369363],[314.09146154432824,-100.70528936467065],[221.66458166151574,66.45564508357154],[207.64920080214074,144.69971704402076],[176.61965978651574,226.2960152617942],[143.90603673964074,302.22191095271216],[107.12637365370324,526.1109032622825],[-3.99691736192176,408.59417962947],[-166.47799646348426,342.5537056914817],[-280.764068240828,225.8080544463645],[-331.217437381453,118.1662316314231],[-393.05209314317176,3.063112734938727]],"rhoDist":[421.15246983655874,628.9674394419853,779.4237150825186,220.340277447855,255.87580615489827,1130.8581153873051,1363.8821078003232,1151.2399201246508,834.1692971640865,329.84968754966206,231.49271722891143,253.13556526872284,287.0958176223619,334.82559470702154,537.2700155931844,408.99024868323164,380.8661583032385,360.3860656408732,351.727938375283,393.21920607760745]},"features":[32.48591829828242,220.340277447855,6.0020144316282735],"projected":{"root":[1.2438683773228592,-0.2518697533599387],"xy":[[-0.4190920920578185,-0.04140356005420613],[-0.5414619954182076,-0.31897528755646126],[-0.5252622924697912,-0.5753368116847096],[-0.11963671790996014,-0.18355807043067512],[-0.004378880468608963,-0.254972850344583],[0.1677297864391547,-1.1180454200908465],[0.5233614874939239,-1.2590417681933994],[0.6771792232453651,-0.9302216781682228],[0.712576641327333,-0.431987397305891],[0.31354765801837287,-0.10064667201542594],[0.22118749182564398,0.06650707127004445],[0.20718567136561247,0.14474968153591786],[0.1761801862872853,0.22634338673027254],[0.14349126723135092,0.30226661954315537],[0.10674839815851606,0.5261516457741453],[-0.0043154212690112255,0.4086285116149512],[-0.1667026548574909,0.3425779219367132],[-0.2809272943883786,0.22582564882308367],[-0.3313571961801435,0.11818129642950156],[-0.39316199562361465,0.0030749592783528464]],"resolution":null}},{"normal":[-0.11295293103211014,0.9934965482824089,-0.01436119501276018],"root":[-1325.294076171875,11.788150890350343,1184.978732421875],"cov":[[0.0012197184855607108,3.063216449237079e-7,0.00013867705666536945],[3.063216449237079e-7,0.0011237979407168865,0.000016279554606573965],[0.00013867705666536945,0.000016279554606573965,0.000020250422119570405]],"n":250,"id":"h","colors":{"mean":[199.2200033247471,199.03600333571433,192.1080037486553],"cov":[[14.784460388940287,14.745097843833653,14.757209396175298],[14.745097843833653,16.4090657729611,15.498117674387013],[14.757209396175298,15.498117674387013,18.77324078993434]]},"roughness":10.266651841741838,"rot":[[0.9998965263366699,-0.0008137155091390014,0.014361195266246796,0],[-0.0008137155091390014,0.9936000108718872,0.11295293271541595,0],[-0.014361195266246796,-0.11295293271541595,0.9934965372085571,0],[0,0,0,1]],"poly":{"xy":[[-337.3224213867188,-82.76390722656242],[-296.06747753906257,-107.78819921874992],[-190.41977246093757,-246.03172949218742],[-174.64651806640632,-299.8218906249999],[-75.77170117187507,-418.1887119140624],[96.05654589843743,-398.5207431640624],[236.09304492187493,-361.8520419921874],[485.00881640624993,-384.2390048828124],[578.7583281249999,-352.2696445312499],[657.0003935546874,-5.054190429687424],[843.0968291015624,88.25684472656258],[784.1819121093749,473.1673671875001],[577.8100859374999,430.0363857421876],[250.62868945312493,473.8070766601563],[0.24966113281243452,841.9343959960938],[-31.255709960937565,627.9603969726563],[-162.42251904296882,412.1550991210938],[-356.8219331054688,266.7102138671876],[-716.8954804687501,446.1503383789063],[-362.8485444335938,59.291756835937576]],"rhoDist":[347.61071290185345,315.1019012714368,311.6689394013613,347.7403850890031,425.41781779737283,410.22323937463045,432.1589293344137,618.8128574763098,677.5551899579351,657.889359069287,849.0441093823359,916.7403685405166,720.815743049272,536.7170165709814,844.7181187695587,636.5318981402659,448.6868275315689,445.69941802300366,846.0173396092148,367.68221991530515]},"features":[85.2727492931446,311.6689394013613,10.266651841741838],"projected":{"root":[1.184978732421875,-1.325294076171875],"xy":[[-0.3373637882304331,-0.083089263594255],[-0.29609274989777085,-0.10798697007226561],[-0.19034348405461013,-0.2454317098496162],[-0.1745280916467648,-0.2988904492513356],[-0.07556718726164419,-0.4165801796452025],[0.09622727860537958,-0.3971779050746814],[0.23621945178852638,-0.360857833217905],[0.4851276874696111,-0.3833040663202748],[0.5788414860512978,-0.35161559509416906],[0.6567929220817543,-0.006685984368320272],[0.8427941757559999,0.08587643122771588],[0.7835721463417529,0.46837146889110104],[0.5772567674133301,0.4256844533964594],[0.2500736036957117,0.4694412447625812],[-0.0005790717272231143,0.8354162890070537],[-0.03190706936359256,0.6228373585611705],[-0.16288470402111335,0.40851994564576993],[-0.3571456550756179,0.26416409250783385],[-0.7173279630265024,0.44274879884998897],[-0.36300286328378273,0.05807801616694361]],"resolution":null}}]