[{"normal":[-0.00036592283811545656,0.9997625492910107,-0.021787866706406738],"root":[-32.85681878572161,169.07278303666547,4319.340110085227],"cov":[[0.0011718870422703018,-0.000005636973799554604,3.060752764774778e-7],[-0.000005636973799554604,0.0007614031692124946,0.000016591227661957714],[3.060752764774778e-7,0.000016591227661957714,3.6175572689134567e-7]],"n":33,"id":"h","colors":{"mean":[93.5757595978,93.45454748381268,188.4242463924668],"cov":[[2.5929586930268935,2.6283419326629134,3.0864523949841147],[2.6283419326629134,4.714170561371343,4.665774844860768],[3.0864523949841147,4.665774844860768,5.769428902590538]]},"roughness":0.009146675226351706,"rot":[[0.9997625946998596,-0.000003986812316725263,0.021787866950035095,0],[-0.000003986812316725263,0.9999999403953552,0.0003659228386823088,0],[-0.021787866950035095,-0.0003659228386823088,0.9997625350952148,0],[0,0,0,1]],"poly":{"xy":[[-67.85134055397702,-21.269527802413158],[-67.85134055397702,-42.96287573332136],[-67.85134055397702,-86.34957159513777],[-67.75466086647702,-205.6685718392784],[-67.75466086647702,-314.1378406381065],[69.49094460227298,-412.33269537443465],[34.430886008522975,-99.7497485970909],[69.38840553977298,-56.09372747892683],[69.38840553977298,-44.96159399504011],[69.38840553977298,-11.56519735807722],[69.38840553977298,10.699069609696217],[69.38840553977298,44.09547006135637],[69.28586647727298,88.622665038163],[69.28586647727298,144.28199731355363],[69.28586647727298,222.20507012849504],[-0.3718483664770247,461.4526744986122],[-68.04518821022702,206.50250970369035],[-67.94802024147702,87.1959415579384],[-67.94802024147702,43.81025849824602],[-67.85134055397702,11.270492186600514]],"rhoDist":[71.12250619820085,80.32332188474976,109.82847747657543,216.5470659893577,321.36537071292736,418.14979143151,105.52732774972719,89.23839960191579,82.69543749712484,70.36162733873263,70.22452943351061,82.22797162578895,112.50284623096637,160.06321594679355,232.7618232695423,461.4528411517877,217.42906060727094,110.55385166502026,80.86024162692158,68.79700717993514]},"features":[6.912970644258017,68.79700717993514,0.009146675226351706],"projected":{"root":[4.319340110085227,-0.03285681878572161],"xy":[[-0.0680530276176751,-0.021272915096073163],[-0.06805294113036772,-0.042966261574444435],[-0.068052768155753,-0.086352954531187],[-0.06795563571597653,-0.20567194717144427],[-0.06795520326935646,-0.3141412087074184],[0.06925821380718018,-0.41233660404131817],[0.03420523169210765,-0.09975353841593863],[0.06915427882787195,-0.056097659589952296],[0.06915423444614474,-0.04496552685144776],[0.0691541013009783,-0.011569132450631145],[0.06915401253752386,0.010695133026377935],[0.0691538793923422,0.04409153124189156],[0.06905118714937881,0.08861872364606312],[0.06905096524606572,0.14427805219463227],[0.0690506545813969,0.22220111979202303],[-0.0005914784880009926,0.46144898585490574],[-0.06824773734201263,0.2064991079317703],[-0.06815011678646063,0.08719254738712258],[-0.06814994381588374,0.04380686723243626],[-0.06805315734862855,0.01126710271413525]],"resolution":null},"type":"step"},{"normal":[-0.00025324100855757026,0.9997622823080722,-0.02180171422494718],"root":[-1040.1673029119318,168.79410622336647,4319.826216264205],"cov":[[0.0011798279329098681,-0.00002789165309310594,-3.093785791045282e-7],[-0.00002789165309310594,0.0007615150866559477,0.000016599216914431934],[-3.093785791045282e-7,0.000016599216914431934,3.6195788607947567e-7]],"n":33,"id":"h","colors":{"mean":[93.42424445531584,93.06060811335391,186.81818588213488],"cov":[[3.710605618616511,0.475044506646501,-3.395721520338317],[0.475044506646501,9.17584560881951,1.334224439873223],[-3.395721520338317,1.334224439873223,7.029678306724493]]},"roughness":0.009629875056097895,"rot":[[0.9997622966766357,-0.0000027608721211436205,0.021801713854074478,0],[-0.0000027608721211436205,0.9999999403953552,0.0002532410144340247,0],[-0.021801713854074478,-0.0002532410144340247,0.9997622966766357,0],[0,0,0,1]],"poly":{"xy":[[-67.95023970170496,-11.951471502130744],[-67.85356001420496,-44.519830877130744],[-67.85356001420496,-87.91167658025574],[-67.85356001420496,-207.23894708806824],[-67.75688032670496,-435.08037775213074],[34.55122514204504,-452.96331232244324],[69.41499467329504,-206.67473810369324],[69.41499467329504,-95.34002130681824],[69.41499467329504,-39.672662908380744],[69.41499467329504,-17.405695134943244],[69.41499467329504,15.994695490056756],[69.41499467329504,49.395086115056756],[69.31245561079504,93.95172674005676],[69.31245561079504,205.2836969549005],[69.20991654829504,405.6965387517755],[-68.14408735795496,421.984990900213],[-68.04740767045496,205.021856134588],[-67.95023970170496,85.6777399236505],[-67.95023970170496,42.286931818181756],[-67.95023970170496,20.591558283025506]],"rhoDist":[69.0087504910134,81.16865052614033,111.06221676930434,218.0696813646303,440.32762158268264,454.27960118769613,218.0253309535893,117.94220789061215,79.96617207475948,71.5795801275924,71.24972074152583,85.2090450243748,116.7626354639039,216.6749449260709,411.5608000972125,427.45380653255944,216.02402416437033,109.36180482314047,80.04706050480696,71.01667848480173]},"features":[6.922731423097144,69.0087504910134,0.009629875056097895],"projected":{"root":[4.319826216264205,-1.0401673029119318],"xy":[[-0.06815207305243888,-0.011953815927012803],[-0.06805532642723247,-0.04452217452448808],[-0.06805520662789183,-0.0879140188360663],[-0.06805487718054758,-0.2072412855171349],[-0.06795759143134658,-0.4350827091413989],[0.03432624624415384,-0.4529659255978225],[0.06918104918735764,-0.20667745553179073],[0.06918074180643276,-0.09534274230534388],[0.06918058811597032,-0.03967538569212047],[0.06918052663971795,-0.017408418632769384],[0.06918043442550788,0.015991970921102956],[0.06918034221129785,0.04939236047497528],[0.06907770450566816,0.09394899995417157],[0.06907739713232625,0.20528096659867526],[0.06897432912764304,0.40569380225154483],[-0.0683470726770051,0.42198263309447426],[-0.06824981696138886,0.2050195050197882],[-0.06815234259421495,0.08567539236786646],[-0.06815222279773896,0.04228458565391122],[-0.06815216289958523,0.020589212814510757]],"resolution":null},"type":"step"},{"normal":[0.017834456463160866,0.9998379112123859,-0.0024664681462948294],"root":[-918.9421147365196,111.68622828464882,3328.745969286152],"cov":[[0.0012658988600999514,-0.00047156516890365464,-0.000023743567141232113],[-0.00047156516890365464,0.0010040725768308745,0.000010888386387025397],[-0.000023743567141232113,0.000010888386387025397,0.00003560555956610186]],"n":51,"id":"h","colors":{"mean":[111.7058852314949,111.23529687523842,106.64706140756607],"cov":[[515.1671428927023,461.97178166356304,408.3405473040766],[461.97178166356304,459.0630693939169,400.7738015769327],[408.3405473040766,400.7738015769327,386.3028693043904]]},"roughness":12.315210058234936,"rot":[[0.9999969601631165,0.00002199584196205251,0.0024664681404829025,0],[0.00002199584196205251,0.9998409748077393,-0.017834456637501717,0],[-0.0024664681404829025,0.017834456637501717,0.9998379349708557,0],[0,0,0,1]],"poly":{"xy":[[-307.9493384267771,-54.14998731426169],[-226.7174048330271,-80.79982862285544],[-118.6131567861521,-114.55056104473044],[-80.3709692861521,-123.56520948223044],[-25.372678270527103,-147.01650342754294],[1.0316186044728965,-60.28780469707419],[136.5074486825979,-192.68117627910544],[236.4583764169729,-231.29592237285544],[237.1671166513479,-117.42348584941794],[238.0174584482229,-3.5420771580116934],[240.7850365732229,14.757788564644557],[240.5013451669729,119.5318974513633],[207.4483666513479,160.91940965839456],[54.1981225107229,159.6763066310508],[46.8526635263479,152.2502812404258],[-20.709348192402103,108.73435106464456],[-98.3970923330271,159.48691454120706],[-114.2178931142771,144.37375536151956],[-300.5037817861521,103.1759404201133],[-302.1968970205271,95.2424687404258]],"rhoDist":[314.00882527193755,241.50646290693484,165.27742261305715,147.65484729137668,149.68413168046354,60.47123771664135,236.2971089370832,330.88471556171356,264.79228207301503,238.21929254222718,241.4491059806311,268.75432257794364,263.8391744879742,170.3926490473846,160.76784378171158,115.18962972470472,189.48777187239287,186.6192589539947,319.33909769341864,318.39884734287483]},"features":[9.952042015232728,60.47123771664135,12.315210058234936],"projected":{"root":[3.3287459692861523,-0.9189421147365195],"xy":[[-0.30797425740735723,-0.05396980397196641],[-0.22674315710515047,-0.08061361994357363],[-0.1186399802849166,-0.1143566065752093],[-0.0803981074016344,-0.12336898009253042],[-0.02540049952061782,-0.14681533445066433],[0.0010056247038195023,-0.060099848858192945],[0.13647813056361507,-0.19246918379204803],[0.23642790488550253,-0.23107558982885323],[0.23713914768402944,-0.11722124876368498],[0.23799199181165775,-0.003357933842897084],[0.2407599640386985,0.014939082219730854],[0.24047857809017936,0.11969652087878421],[0.20742661047420433,0.16107672350599245],[0.054176805174520316,0.15983044732205726],[0.04683120519319661,0.1524054414475152],[-0.02073155817285197,0.10889494625821146],[-0.0984179496436148,0.15963772889418132],[-0.11423903472498141,0.14452662542239328],[-0.3005252628997069,0.10333126534699257],[-0.30221854748705046,0.09539901821916098]],"resolution":null},"type":"preview"},{"r":311.7331045286565,"xc":-1057.8637220164467,"yc":272.84293365478516,"zc":2301.013075289629,"root":[-905.7609663784301,359.68991195106855,2025.3010590047384],"h":463.4711151123047,"error":37364.44428326033,"id":"cyl","type":"avoid"},{"normal":[-0.0002261612968460257,0.9604323467341935,-0.2785132962673731],"root":[46.63907173722982,174.5359874180385,3131.0463971819195],"cov":[[0.0011468111397056494,0.0000025635644818511285,0.000001013450965013154],[0.0000025635644818511285,0.00030996302815967177,0.00008988598183556056],[0.000001013450965013154,0.00008988598183556056,0.000026066126931686442]],"n":70,"id":"h","colors":{"mean":[196.00000351667404,196.00000351667404,98.00000175833702],"cov":[[0.0014084506976667424,-6.558609680390694e-12,-3.279304840195347e-12],[-6.558609680390694e-12,0.0014084506976667424,-3.279304840195347e-12],[-3.279304840195347e-12,-3.279304840195347e-12,0.0014084507025856998]]},"roughness":0.01381766892620978,"rot":[[0.9604323506355286,-0.000032130119507201016,0.2785132825374603,0],[-0.000032130119507201016,1,0.0002261612971778959,0],[-0.2785132825374603,-0.0002261612971778959,0.9604323506355286,0],[0,0,0,1]],"poly":{"xy":[[-307.0554303850445,-94.32873848527669],[-307.0554303850445,-221.82008675187825],[-295.8764753069195,-397.9116547450423],[-239.41065499441947,-434.2023957118392],[-134.41871163504447,-442.28705147355794],[63.436757114955526,-457.52142647355794],[63.380116489955526,-192.0900910243392],[63.380360630580526,-80.78332832902669],[63.380360630580526,-37.97303799241781],[63.380360630580526,-12.28686455339193],[63.380360630580526,13.399311746656899],[63.380360630580526,39.08548423200846],[63.380360630580526,81.89577933698894],[63.380360630580526,193.20252677351237],[63.323475864955526,355.87420340925456],[-110.57618233816947,342.7791716709733],[-216.53296944754447,334.79913016706706],[-216.48365304129447,294.2388884678483],[-216.48365304129447,156.31133719831706],[-307.0551862444195,73.00366660505534]],"rhoDist":[333.3375338917677,389.1316112033704,503.24373611115504,500.67989781478906,463.91039707912194,462.2604675574585,203.10702967430177,104.30927866928307,76.13578029976401,67.1253128392998,67.33882893451258,76.69932603734236,105.17726165159822,204.16449593780538,361.93480087553365,361.5907372335114,403.6197784282259,370.64410323554637,274.2922608783884,327.934613889503]},"features":[6.463207796898644,67.1253128392998,0.01381766892620978],"projected":{"root":[3.1310463971819193,0.04663907173722982],"xy":[[-0.29768807776236234,-0.09432113190905372],[-0.2976839814499317,-0.2218124768493246],[-0.28694169325518076,-0.3979043994293251],[-0.2327089254430518,-0.4341969537029054],[-0.13187100439395,-0.44228498265752164],[0.05815628241629219,-0.4575257143801743],[0.05809335458553251,-0.1920943840363585],[0.0580900127663524,-0.08078762425295481],[0.058088637266549094,-0.03797733503329377],[0.05808781196669161,-0.01229116226443656],[0.05808698666674221,0.013395013365443516],[0.05808616136691538,0.03908118518062642],[0.05808478586695885,0.08189147916865896],[0.058081209567709235,0.19319822370111825],[0.05802134893664879,0.35586989792036683],[-0.10899709167985323,0.342780453940782],[-0.21076116374050777,0.33480381704945766],[-0.21071249546196524,0.2942435748239394],[-0.2107080638330706,0.15631602715302617],[-0.29769321969220486,0.0730112688076247]],"resolution":null},"type":"ramp"},{"normal":[-0.00028003899566998773,0.9997612741588265,-0.02184756898331278],"root":[43.84375396900707,124.68071564568413,2271.348464626736],"cov":[[0.0012119386729076203,0.00001805581876708737,7.340410694105535e-7],[0.00001805581876708737,0.00135709739177022,0.000029661416163651333],[7.340410694105535e-7,0.000029661416163651333,6.484181688739351e-7]],"n":180,"id":"h","colors":{"mean":[92.90000206232071,92.90000206232071,187.00000405311584],"cov":[[0.2889502418610828,0.2883977556732375,-0.5966850117476687],[0.2883977556732375,0.2889502418610828,-0.5966850117476687],[-0.5966850117476687,-0.5966850117476687,2.5861875370618224]]},"roughness":0.008514326965093872,"rot":[[0.9997613430023193,-0.0000030594508189096814,0.021847568452358246,0],[-0.0000030594508189096814,0.9999999403953552,0.0002800390066113323,0],[-0.021847568452358246,-0.0002800390066113323,0.9997612833976746,0],[0,0,0,1]],"poly":{"xy":[[-81.89485134548613,-24.057279741101794],[-81.86506618923613,-56.843959008985095],[-81.86531032986113,-109.30309692555004],[-81.83601345486113,-247.01120392017896],[-6.698318142361131,-473.4155618303352],[72.01066623263887,-483.89227691822583],[85.43107638888887,-216.36426178150708],[85.39787326388887,-112.78255096607738],[98.99455295138887,-71.46403328114086],[98.99455295138887,-22.929199373059802],[71.87834201388887,18.164447630114026],[85.36442599826387,46.0374639875359],[71.84538302951387,93.81086334056324],[71.81217990451387,217.59353240794604],[71.77922092013887,389.51031097239917],[-19.69514431423613,384.2106588727898],[-81.95320095486113,251.34093841380542],[-81.92414822048613,107.08657440013356],[-81.89460720486113,54.63030608958668],[-81.89460720486113,21.843814695543713]],"rhoDist":[85.37403936008324,99.68154666253245,136.57382388091682,260.2212838737721,473.4630386373626,489.2231722624797,232.62675682801364,141.4781432494827,122.11312800805784,101.63801477192666,74.15466357445996,97.00540532441813,118.17275118330011,229.1432123357584,396.0724139456186,384.715256959975,264.37008829278676,134.84131634809543,98.45996117886595,84.7765451141903]},"features":[9.018333103662385,74.15466357445996,0.008514326965093872],"projected":{"root":[2.2713484646267363,0.04384375396900707],"xy":[[-0.08209370622753552,-0.024059828634367484],[-0.08206382787137109,-0.056846506707627704],[-0.08206391145757032,-0.10930564256622914],[-0.08203420026416129,-0.24701374425018435],[-0.0069137466416096085,-0.4734183231618416],[0.07177648300450226,-0.48389527864514853],[0.08519287139953219,-0.21636731505878634],[0.08515935929652367,-0.1127856082037923],[0.09875266722645715,-0.0714671337375591],[0.0987525187365196,-0.022932301732800676],[0.07164265435191444,0.01816142661957499],[0.08512543411228819,0.04603440062392905],[0.0716094717979194,0.093807839464341],[0.07157589789107252,0.21759050377909547],[0.07154242080263663,0.3895072757025653],[-0.019910094510149197,0.384207903672107],[-0.08215288447694434,0.2513383788991511],[-0.08212339733793574,0.10708402045361526],[-0.08209370288598283,0.05462775410979315],[-0.08209360257732477,0.021841264001492125]],"resolution":null},"type":"step"},{"normal":[-0.0002431704659244264,0.9604135272416046,-0.27857817136212276],"root":[1023.3641605820767,165.69753478294194,3100.0396558184957],"cov":[[0.0011974837113233798,0.000009070771907071588,0.0000029342690859719665],[0.000009070771907071588,0.0004472767517930343,0.00012973968172751358],[0.0000029342690859719665,0.00012973968172751358,0.00003763321921484091]],"n":86,"id":"h","colors":{"mean":[196.00000351667404,196.00000351667404,98.00000175833702],"cov":[[0.0011494252766514647,-5.352428589744129e-12,-2.6762142948720647e-12],[-5.352428589744129e-12,0.0011494252766514647,-2.6762142948720647e-12],[-2.6762142948720647e-12,-2.6762142948720647e-12,0.0011494252846801075]]},"roughness":0.01381766828278086,"rot":[[0.9604135751724243,-0.00003455494515947066,0.27857816219329834,0],[-0.00003455494515947066,0.9999999403953552,0.00024317046336364,0],[-0.27857816219329834,-0.00024317046336364,0.9604135155677795,0],[0,0,0,1]],"poly":{"xy":[[-185.5257398028707,-57.77248577738919],[-185.4764233966207,-130.77596478129544],[-185.4766675372457,-252.47677044535794],[-185.4766675372457,-374.17757610942044],[-115.3265210528707,-365.1825199570767],[94.3873461346293,-406.7920170273892],[94.3873461346293,-286.92318157817044],[94.3875902752543,-124.24410442973294],[94.3875902752543,-64.30965618754544],[94.3875902752543,-30.061426207076693],[94.3875902752543,29.873022035110807],[94.3307055096293,64.10117144917331],[94.3307055096293,124.03439898823581],[94.3307055096293,286.7105464491733],[94.2738207440043,475.0446528944858],[-6.485212459120703,446.7856196913608],[-185.5254956622457,396.5690669569858],[-185.5254956622457,250.5307368788608],[-185.5257398028707,128.8321284804233],[-185.5257398028707,55.81296344136081]],"rhoDist":[201.6186119544776,233.23783991346858,317.8742315708981,421.0822314562801,384.4236995055542,418.4901840999841,303.28227849395046,158.40816884027356,117.44254842280814,102.76662116902713,102.71395924985798,117.29195508437446,158.21961373648043,303.0728137606832,485.08712856648106,446.8361925205566,441.103539070304,316.3434979281996,232.17933352113306,201.0615298661335]},"features":[6.75659829546832,102.71395924985798,0.01381766828278086],"projected":{"root":[3.1000396558184957,1.0233641605820767],"xy":[[-0.18096522114267902,-0.05776850490752406],[-0.1809153343662335,-0.130771983413555],[-0.18091136347742218,-0.25247278539832463],[-0.18090715811264468,-0.3741735873915306],[-0.11353431719881507,-0.36518095554503355],[0.08787916183772787,-0.40679769801165316],[0.08787501977658235,-0.2869288661780333],[0.08786963288580946,-0.12424979394491464],[0.08786756185418217,-0.06431534751052756],[0.08786637840844189,-0.030067118563086814],[0.0878643073768146,0.029867327871300288],[0.08780849172484119,0.06409547821859048],[0.08780642073539524,0.1240287039498894],[0.08780079946989137,0.28670484650403266],[0.08773965869488226,0.47503894923428097],[-0.009029706335007083,0.44678339860649136],[-0.18098068641456908,0.3965730341141283],[-0.18097564006794775,0.2505347084409517],[-0.1809716692550628,0.12883610372174084],[-0.1809691460817521,0.05581694088515251]],"resolution":null},"type":"ramp"},{"normal":[-0.00033277302670643873,0.9997642280663813,-0.02171123075611618],"root":[1089.5306230024858,92.71776840903543,4316.114191228693],"cov":[[0.0012141416215721704,0.0000024082102049481143,4.564264022651136e-7],[0.0000024082102049481143,0.001339355923245651,0.000029086724734889586],[4.564264022651136e-7,0.000029086724734889586,6.3188634742968e-7]],"n":44,"id":"h","colors":{"mean":[161.36364194479856,148.77273360436612,119.93181915107098],"cov":[[8.184039428678032,9.08080699827729,9.179800078844549],[9.08080699827729,17.86282615366754,15.695961386477574],[9.179800078844549,15.695961386477574,19.39768431968004]]},"roughness":0.12702730230452927,"rot":[[0.9997642636299133,-0.0000036128819829173153,0.021711230278015137,0],[-0.0000036128819829173153,0.9999999403953552,0.0003327730228193104,0],[-0.021711230278015137,-0.0003327730228193104,0.9997642040252686,0],[0,0,0,1]],"poly":{"xy":[[-440.611749822443,-140.76475386186075],[-440.528986150568,-242.751143022017],[-326.462824041193,-379.62852339311075],[-237.32366388494302,-441.3828568892045],[-16.548761541193016,-502.03074507279825],[118.36481267755698,-487.15794233842325],[188.41705877130698,-467.92637495561075],[371.607976740057,-340.341719193892],[448.351140802557,-221.83836226029825],[487.439031427557,-118.93919233842325],[487.316961115057,111.51747270063925],[409.426336115057,286.96901078657675],[371.256902521307,337.28102250532675],[187.98151189630698,464.15028520063925],[117.94147283380698,478.56971879438925],[-49.68645685369302,485.51771684126425],[-176.52141779119302,469.29152055220175],[-355.775079900568,352.96791215376425],[-440.777277166193,236.59535356001425],[-440.694513494318,134.62172074751425]],"rhoDist":[462.6507316414264,503.07751284434676,500.74688527582737,501.16778431469857,502.30367056139846,501.3372464374295,504.451972757607,503.97289990608317,500.3243577270283,501.8512030290508,500.0266320896539,500.0617691107358,501.6542447234922,500.78972021746125,492.8959774456365,488.0543711719148,501.4060310087091,501.21876013298856,500.3520318896181,460.8965704987718]},"features":[11.782640533455906,460.8965704987718,0.12702730230452927],"projected":{"root":[4.316114191228693,1.0895306230024857],"xy":[[-0.4407244940784264,-0.14076648191899985],[-0.4406413814505403,-0.24275286573062713],[-0.32660161210248945,-0.37963065062964313],[-0.23748324041115432,-0.44138530275531934],[-0.016760159253852894,-0.5020339852141551],[0.11812155986785523,-0.4871616707301781],[0.18815722400588397,-0.4679303575028143],[0.3713044998936737,-0.34034637065330675],[0.448029146183047,-0.2218432975458802],[0.48710745138245576,-0.11894427454202762],[0.4869845772312371,0.11151237817641399],[0.4091116784555887,0.2869641879562685],[0.3709510602579957,0.33727633479062274],[0.18771841231360475,0.4641462526128305],[0.1176948307523345,0.4785659384544866],[-0.04989361135882659,0.485514541736525],[-0.1766986165725509,0.46928880458572964],[-0.3559096053621996,0.35296585025107713],[-0.4408913457621403,0.23659360520441194],[-0.44080823318034146,0.13461997773973458]],"resolution":null},"type":"reactive"},{"normal":[0.01260181641785337,0.9999197136209764,0.0013268515798583074],"root":[1023.7742145729627,60.218048151967096,1259.7097376820611],"cov":[[0.0013363316370572744,0.0001184362183043748,-0.0000169987180124521],[0.0001184362183043748,0.0010945017869561065,-0.000002944989348008278],[-0.0000169987180124521,-0.000002944989348008278,0.00003458140900827337]],"n":339,"id":"h","colors":{"mean":[85.7640139395948,84.95280430182419,82.3244856110057],"cov":[[1022.1448366104964,973.8801272349199,922.3116909345612],[973.8801272349199,948.8275318022335,893.0506027474082],[922.3116909345612,893.0506027474082,863.5012278405056]]},"roughness":10.679982814521164,"rot":[[0.9999991059303284,-0.000008360705578525085,-0.0013268515467643738,0],[-0.000008360705578525085,0.9999206066131592,-0.012601816095411777,0],[0.0013268515467643738,0.012601816095411777,0.9999197125434875,0],[0,0,0,1]],"poly":{"xy":[[-270.4927577015924,-84.23985177999396],[-271.0951746937799,-193.36131174093146],[-272.55153455706113,-212.09763986593146],[-194.46132459612363,-268.4607380104627],[-19.41859998674863,-273.3285358620252],[3.0861607554388684,-269.1339557839002],[186.68332872418887,-268.2389362526502],[265.29709825543887,-212.90391427999396],[359.13938341168887,-164.6344440651502],[334.98996934918887,-36.066450901087705],[327.01474962262637,47.957230739537295],[400.33017931012637,133.9167033957873],[367.20432481793887,357.1374065207873],[210.45383653668887,290.8568889426623],[69.20884141950137,213.8555461692248],[-4.092550182061132,169.5891887473498],[-51.66762342424863,141.1735393332873],[-120.48415174456113,113.1324016379748],[-204.59731092424863,68.2252971457873],[-271.8074549672174,14.412797145787295]],"rhoDist":[284.6519158777042,334.06259536953553,345.51918434840144,331.4980534983583,274.5930220048647,270.08012618266645,327.7535684599025,340.8274704201887,395.9416696636764,337.9787828678781,331.59691829193906,422.88516420148216,512.8875444525355,359.0532390286115,224.81163893741237,169.75370435865133,150.8278491786216,165.46362337406467,215.8654064650587,273.3990946420387]},"features":[17.60490350681144,150.8278491786216,10.679982814521164],"projected":{"root":[1.2597097376820612,1.0237742145729627],"xy":[[-0.2704785467656324,-0.08410488294940789],[-0.271080050895105,-0.19321767296675746],[-0.2725362528274242,-0.21195250113726383],[-0.1944456403742523,-0.2683117765985916],[-0.01940302915726973,-0.2731806513981217],[0.003101676704262418,-0.26898659255082175],[0.18669867556889896,-0.26809317909143787],[0.2653119132563898,-0.212763208322335],[0.35915371223617276,-0.1644983555844403],[0.33500324451332664,-0.03594036959408831],[0.32702732931010453,0.04807670673414031],[0.4003419757759719,0.13402874071723436],[0.3672142841619791,0.35723199571760705],[0.2104644880205348,0.2909580517599976],[0.06922026102728608,0.21396400426887324],[-0.004080695948865097,0.16970177471610357],[-0.05165548973569762,0.1412887794384447],[-0.12047172303292296,0.11325044373458297],[-0.2045844327124712,0.06834760838471755],[-0.27179406767968345,0.01453994334841936]],"resolution":null},"type":"preview"},{"normal":[-0.00017845423471832275,0.9604666203596258,-0.27839511369462705],"root":[58.75203780226483,103.67386151304339,1006.2266421478573],"cov":[[0.0012239288686172276,-0.000005573733162072018,-0.000001388163585800184],[-0.000005573733162072018,0.00037994757385130014,0.00011012829714419377],[-0.000001388163585800184,0.00011012829714419377,0.000031920886538486156]],"n":505,"id":"h","colors":{"mean":[196.00000351667404,196.00000351667404,98.00000175833702],"cov":[[0.0001976284584980237,-7.362233791426707e-12,-3.6811168957133536e-12],[-7.362233791426707e-12,0.0001976284584980237,-3.6811168957133536e-12],[-3.6811168957133536e-12,-3.6811168957133536e-12,0.0001976284584980237]]},"roughness":0.004384534793270486,"rot":[[0.9604666233062744,-0.00002534130726417061,0.2783951163291931,0],[-0.00002534130726417061,1,0.0001784542400855571,0],[-0.2783951163291931,-0.0001784542400855571,0.9604666233062744,0],[0,0,0,1]],"poly":{"xy":[[-208.90999175723232,-66.12444762282146],[-208.90449859316982,-148.61641768507732],[-208.90455962832607,-287.3528068452336],[-157.30043365176357,-472.5244682221867],[-132.43043853457607,-480.7048576264836],[143.56119964901768,-477.1743400483586],[226.24064300839268,-441.1137016206242],[235.74064300839268,-321.9345939546086],[235.74064300839268,-170.20780257277264],[235.74076507870518,-76.49419287733807],[235.74076507870518,75.2326118559383],[235.74088714901768,168.94621964402424],[235.73002289120518,320.6693794340633],[235.73002289120518,365.29447098679765],[121.43693207089268,382.12381668992265],[-118.00166656191982,373.75369950242265],[-208.91536285098232,357.57718583054765],[-208.91542388613857,286.335334023907],[-208.91548492129482,151.35074540086018],[-208.90993072207607,65.11161728806721]],"rhoDist":[227.34231142032922,263.4375187917334,360.397780766415,500.10980214002836,500.09557784082466,500.02905317588176,500.0570723169894,404.8180168869953,298.6794502789059,257.08359260861414,256.7168310222717,297.9736659576954,403.8238569296036,440.0974705477292,402.5034581459915,393.4234043261967,418.5297485014597,359.5759894805821,264.98374671572304,227.04471152220057]},"features":[10.224774965224235,227.04471152220057,0.004384534793270486],"projected":{"root":[1.0062266421478574,0.05875203780226483],"xy":[[-0.20343335259297307,-0.06612093703875298],[-0.20342598613780333,-0.14861290590020929],[-0.20342252899857124,-0.2873492928051783],[-0.15385379519502654,-0.4725222588902054],[-0.12996678733071046,-0.4807032783998069],[0.13511388365829333,-0.4771797548679312],[0.2145238167142185,-0.44112121223114437],[0.22364522960756925,-0.3219423472434987],[0.22364138465233202,-0.17021555832632],[0.22363912707141845,-0.07650195015626716],[0.2236352821158429,0.0752248521123517],[0.2236330245349777,0.1689384583750559],[0.22361874491460937,0.3206616159758111],[0.22361761405645367,0.3652867068036534],[0.11384248705160972,0.3821189485697318],[-0.11613008634063346,0.3737548992052899],[-0.20344924850259416,0.3575806896680971],[-0.20344750176317034,0.28633883902025925],[-0.20344413969946837,0.1513542525914552],[-0.20343661966418394,0.06511512573878407]],"resolution":null},"type":"ramp"},{"normal":[-0.00026753556235259397,0.9997641505519645,-0.021715701596577076],"root":[696.0316929357542,15.612765703136292,771.2813040223535],"cov":[[0.0012015613658981703,0.0000014511704582856184,3.5305684862749033e-7],[0.0000014511704582856184,0.0012019583043073722,0.000026107913644593733],[3.5305684862749033e-7,0.000026107913644593733,5.671895923849218e-7]],"n":1027,"id":"h","colors":{"mean":[160.65823347130907,146.6426546459595,117.40603843139813],"cov":[[47.98942810670846,57.02778998369547,59.79719865623977],[57.02778998369547,79.50384997740852,80.38815552620254],[59.79719865623977,80.38815552620254,87.23715556207502]]},"roughness":0.19093487017519717,"rot":[[0.9997642040252686,-0.0000029052039280941244,0.02171570248901844,0],[-0.0000029052039280941244,0.9999999403953552,0.00026753556448966265,0],[-0.02171570248901844,-0.00026753556448966265,0.9997641444206238,0],[0,0,0,1]],"poly":{"xy":[[-180.6085134950098,-56.01564068966047],[-180.6015554871973,-130.09938092403547],[-180.59807648329104,-247.97126813106672],[-159.03691925672854,-474.0686497228636],[-20.326286932509788,-499.7304234045042],[9.519294122177712,-500.2037052648558],[161.6549142393652,-226.7239231603636],[294.96088347764646,-216.6227268713011],[471.36664519639646,-166.81337018184797],[495.52887664170896,-70.47352643184797],[501.63190398545896,2.988509700964528],[294.93402800889646,105.77879290408953],[245.2711251768652,329.2152553064333],[221.3209298643652,376.0599818689333],[101.12952361436521,312.315047786902],[-1.8343435731347881,257.704696224402],[-73.75536408094729,219.55424456424578],[-180.61541046766604,162.87968401737078],[-180.6154715028223,129.20207171268328],[-180.61199249891604,58.48454241580828]],"rhoDist":[189.13660062217153,222.6173207941546,306.7919930501387,500.04668396286405,500.14396739317067,500.29428215929664,278.47430696642016,366.0159314691174,500.11718658052666,500.6302704602804,501.7592335548138,313.3953284026366,410.5727654024327,436.3807832676898,328.28806189629523,257.7112256844572,231.6166852126475,243.24224194909786,222.10410108684442,189.8852170424857]},"features":[65.03480890569948,189.13660062217153,0.19093487017519717],"projected":{"root":[0.7712813040223535,0.6960316929357542],"xy":[[-0.18078291782021882,-0.056017789335837724],[-0.18077574622483483,-0.13010152693883237],[-0.1807719255994689,-0.24797340993711686],[-0.15921519592924788,-0.47407084607602434],[-0.020537198913705174,-0.4997330218218405],[0.009301345520373398,-0.5002063903727485],[0.1614002954662403,-0.22672706004158993],[0.2946747999904914,-0.21662625139507838],[0.471038818115267,-0.16681740898308658],[0.4951950718895594,-0.07047763887747566],[0.5012964466339301,0.0029843768954556905],[0.29464701421250267,0.10577525691898314],[0.24499517344270155,0.32921185560497523],[0.221050489819846,0.3760566500710142],[0.10088761153682041,0.31231206745106455],[-0.002051816710502412,0.25770201697419026],[-0.07395576642467538,0.21955177562473271],[-0.18079044910200706,0.16287752755656004],[-0.18079041228244266,0.1291999164574342],[-0.18078672865009715,0.05848238968156383]],"resolution":null},"type":"reactive"},{"normal":[-0.00028021843474328217,0.9997639944147392,-0.021722728868947928],"root":[-707.7871317276513,15.670727886964443,792.4155113864406],"cov":[[0.0012010314033455325,8.819686958781286e-7,3.55793876116438e-7],[8.819686958781286e-7,0.0011805795775034573,0.000025651711161317723],[3.55793876116438e-7,0.000025651711161317723,5.574663418696885e-7]],"n":983,"id":"h","colors":{"mean":[165.10275205208836,152.84232551938763,122.43336985670295],"cov":[[36.514957622600704,39.37695235621593,46.19333310443075],[39.37695235621593,45.77302250245101,52.674982286993476],[46.19333310443075,52.674982286993476,66.02390224744066]]},"roughness":0.1196899077346998,"rot":[[0.9997640252113342,-0.000003043913693545619,0.02172272838652134,0],[-0.000003043913693545619,0.9999999403953552,0.00028021843172609806,0],[-0.02172272838652134,-0.00028021843172609806,0.9997639656066895,0],[0,0,0,1]],"poly":{"xy":[[-201.66636587862808,-63.433937608286215],[-201.66288687472183,-144.28055626062996],[-201.66288687472183,-154.38565879969246],[-73.80766226534683,-222.47110801844246],[-0.07719351534683483,-261.7353292098487],[101.32795785184067,-315.7399678817237],[195.65846322293442,-365.9719014754737],[200.37800667996567,-271.77469688562996],[195.64259408230942,-139.43308311609871],[499.2356116604344,-25.675453721567465],[499.2232825588719,27.420493544057535],[474.5251624416844,158.81307166905754],[299.6685950588719,222.69631141515129],[167.72889779324692,232.2022013077294],[3.714310390903165,502.96671241612785],[-3.968978183315585,500.0503458389794],[-148.34464957003433,429.5887674698388],[-201.68723990206558,276.7883829483544],[-201.68028189425308,145.42018836827629],[-201.67680289034683,64.57747596593254]],"rhoDist":[211.45349542894462,248.00076301482198,254.01268475149826,234.40078612893134,261.73535029863274,331.6075088249827,415.01194121678833,337.68491558515854,240.28175935626697,500.0130381519811,500.09383436294445,500.5028592734061,373.4141157606236,286.46914440594094,502.9804817270323,500.06610133073974,454.4911577112857,342.50258358309105,248.67803192109193,211.8083167391803]},"features":[64.79794884110487,211.45349542894462,0.1196899077346998],"projected":{"root":[0.7924155113864406,-0.7077871317276513],"xy":[[-0.2018358136097723,-0.06343612344682789],[-0.20183208933666116,-0.1442827389352527],[-0.20183205857760078,-0.1543878410775301],[-0.07400679624876444,-0.22247367680312297],[-0.00029360588920405816,-0.26173812088197373],[0.10108778166310413,-0.31574306610184494],[0.1953961811137068,-0.36597528485711756],[0.20011432418927455,-0.27177809833188743],[0.19537962615304463,-0.1394364753446705],[0.4989006597357934,-0.025679774527880676],[0.49888817192400065,0.02741617069041719],[0.4741954797836416,0.15880881883512696],[0.29937997820639395,0.22269258832109945],[0.16747138533041217,0.23219887945347725],[0.0034946756627791575,0.5029638791763401],[-0.004186791036945257,0.5000475361009727],[-0.14852818014890404,0.4295863999656523],[-0.20185771831503654,0.27678618381424336],[-0.20185036207562823,0.14541799437126546],[-0.20184663781440737,0.06457528513268722]],"resolution":null},"type":"reactive"},{"normal":[-0.00030177696397798984,0.9997627488692267,-0.021779690174829267],"root":[1162.7170547313904,47.01001186585159,2210.1206013540204],"cov":[[0.0011906699927953493,0.0000029388091581389148,4.234235861973134e-7],[0.0000029388091581389148,0.0012202528551646928,0.00002658392305114755],[4.234235861973134e-7,0.00002658392305114755,5.792867714876097e-7]],"n":178,"id":"h","colors":{"mean":[161.62921904847863,148.47753422565006,118.44382183186794],"cov":[[39.24931425907904,40.92467330356633,43.56029477813567],[40.92467330356633,61.768214928095006,61.19149163093772],[43.56029477813567,61.19149163093772,72.10079141239734]]},"roughness":0.3495713002010433,"rot":[[0.999762773513794,-0.0000032866942092368845,0.02177968993782997,0],[-0.0000032866942092368845,0.9999999403953552,0.0003017769777216017,0],[-0.02177968993782997,-0.0003017769777216017,0.999762773513794,0],[0,0,0,1]],"poly":{"xy":[[-498.85070389308294,-34.25111234857786],[-463.59167068995794,-187.1137222118591],[-399.68029373683294,-300.46021879389036],[-231.50121658839544,-443.2853530712341],[-65.61620682277044,-495.99915922357786],[68.13745528660456,-495.41114652826536],[186.26318770847956,-464.45252836420286],[342.58081466160456,-365.5495132274841],[449.65698653660456,-218.97828520014036],[497.53809005222956,-51.30616605951536],[497.49487716160456,49.69981538579714],[418.27466231785456,274.99253999517214],[342.38501388035456,364.33018647954714],[283.88184005222956,412.64402925298464],[132.50879317722956,415.06578218267214],[-123.07372635402044,418.57603608892214],[-283.12731522120794,404.96409761235964],[-390.40868729152044,312.52256929204714],[-463.65258377589544,188.01890718267214],[-498.87047928370794,34.11827241704714]],"rhoDist":[500.1433916560427,500.03169814304135,500.0977257219254,500.1211881449999,500.3230178230928,500.0766771783462,500.4251009628633,501.04053036819147,500.2369540686521,500.29256595127646,500.0881658114006,500.6579641132801,500.0206076443421,500.9025984054828,435.7145013002356,436.3022392523855,494.15950720512916,500.16003333097854,500.4255029007957,500.1534772131413]},"features":[22.266780330616776,435.7145013002356,0.3495713002010433],"projected":{"root":[2.21012060135402,1.1627170547313903],"xy":[[-0.4989500580460069,-0.0342524889886672],[-0.46369888607001575,-0.18711520777623705],[-0.39980229671753226,-0.30046190925361765],[-0.23166264316388246,-0.4432875897799048],[-0.06581680899582282,-0.49600193874496995],[0.0679051240645049,-0.495414365683831],[0.1860027346507305,-0.46445613717279455],[0.34228295712484325,-0.3655536403083756],[0.4493332481984274,-0.2189827708825369],[0.4972024429616155,-0.05131081674826073],[0.4971589083455489,0.049695160239259864],[0.41795674451134834,0.2749881349614149],[0.3420848038972031,0.3643260268034204],[0.2835953485561534,0.41264005965868855],[0.13225820025459242,0.4150623099950158],[-0.12326370521127025,0.41857340376301216],[-0.2832792837340862,0.4049619919535525],[-0.3905349042361234,0.3125208204441049],[-0.4637610176532941,0.18801740473493073],[-0.4989700534550641,0.034116892728406886]],"resolution":null},"type":"reactive"},{"normal":[-0.0002648516119147511,0.9997649071837231,-0.021680872158315087],"root":[27.940247925308842,40.87562503814697,1942.9623814900717],"cov":[[0.0012652632709441694,0.000011415575024720368,5.827436383738233e-7],[0.000011415575024720368,0.0012425186552041786,0.000026948246890504826],[5.827436383738233e-7,0.000026948246890504826,5.845799130413084e-7]],"n":240,"id":"h","colors":{"mean":[161.9500055462122,147.64167281240225,118.57500202022493],"cov":[[43.168044646523306,53.28506038524597,63.48091404138836],[53.28506038524597,80.80200833280983,89.76536042575968],[63.48091404138836,89.76536042575968,120.76662246625314]]},"roughness":0.5710903061122411,"rot":[[0.9997649192810059,-0.000002871444394259015,0.02168087288737297,0],[-0.000002871444394259015,0.9999999403953552,0.00026485160924494267,0],[-0.02168087288737297,-0.00026485160924494267,0.9997649192810059,0],[0,0,0,1]],"poly":{"xy":[[-150.92942250569672,-45.413979919937745],[-150.92942250569672,-104.08319989064087],[-150.90793813069672,-203.8231214604651],[-169.16330922444672,-494.14218273976195],[-25.68674672444672,-499.63473645069945],[15.09267222086578,-499.9541334233557],[225.31252085367828,-446.7438978276526],[237.15407358805328,-321.4817518315588],[237.12428843180328,-167.9719251714026],[237.09474741617828,-74.53306332447876],[237.06471811930328,72.2948213495935],[237.06471811930328,165.73031481883177],[237.03517710367828,325.9003892817224],[248.96364390055328,434.3907457270349],[133.08254038492828,482.3327623285974],[-151.03550160725922,476.7101732172693],[-187.40976918538422,464.41519030711305],[-150.97190297444672,206.85771044871458],[-150.95041859944672,107.12429675242554],[-150.95041859944672,48.45580920359741]],"rhoDist":[157.64812814521312,183.36812876674912,253.62993198513027,522.3095638304579,500.29507275789183,500.1819278513666,500.36829642329354,399.5223902434928,290.63460849305756,248.5868105668564,247.89702626675742,289.297546541068,403.0186380233447,500.7082610518456,500.36491900267845,500.07411341318004,500.81875414272736,256.11128733150923,185.12754217522374,158.57052739628583]},"features":[25.458471196095456,157.64812814521312,0.5710903061122411],"projected":{"root":[1.9429623814900716,0.02794024792530884],"xy":[[-0.15111062369475958,-0.04541619345759684],[-0.1511104552293507,-0.10408541137034145],[-0.15108868950677037,-0.2038253295032486],[-0.1693389358991961,-0.4941443281796485],[-0.025896082904008747,-0.4996372936829079],[0.014873751