[{"normal":[-0.00018488067101822076,0.9604719022931197,-0.27837688611767525],"root":[4.26639081137236,115.49423938929189,1047.0563827421795],"cov":[[0.001203229352564011,5.991317256455833e-7,4.0525732540543555e-7],[5.991317256455833e-7,0.00040720865286128044,0.00011802280449946705],[4.0525732540543555e-7,0.00011802280449946705,0.00003420704987389409]],"n":493,"id":"h","colors":{"mean":[196.00000351667404,196.00000351667404,98.00000175833702],"cov":[[0.00020242914979757087,-7.541073478667842e-12,-3.770536739333921e-12],[-7.541073478667842e-12,0.00020242914979757087,-3.770536739333921e-12],[-3.770536739333921e-12,-3.770536739333921e-12,0.00020242914979757087]]},"roughness":0.004606808391288193,"rot":[[0.9604719281196594,-0.00002625210072437767,0.27837687730789185,0],[-0.00002625210072437767,1,0.0001848806714406237,0],[-0.27837687730789185,-0.0001848806714406237,0.9604719281196594,0],[0,0,0,1]],"poly":{"xy":[[-249.73417815233574,-79.13214398520049],[-249.728623953117,-180.37364483969267],[-249.7231307890545,-341.61184979574733],[-249.7231307890545,-424.1051054109817],[-140.5087753203045,-443.7211942781692],[120.683729562508,-455.8877897371536],[194.932753000008,-432.5715360750442],[204.487196359383,-272.8342008699661],[194.9218887421955,-138.03605939047392],[194.911024484383,-62.17137051718291],[194.911024484383,62.78011034829561],[194.911024484383,138.64350603921358],[194.9111465546955,268.05755328042454],[194.900282296883,419.7802705655808],[138.847059640633,433.10870074136204],[-136.843125906242,432.1501741300339],[-249.7507186796795,412.05953692300267],[-249.74516448046074,340.8210725675339],[-249.73967131639824,179.59098528726045],[-249.73967131639824,78.35173510415498]],"rhoDist":[271.7945974263243,316.45836905226093,429.31576161013464,497.47384141852484,467.2231976606302,472.8801059700047,477.80681517805755,346.0648757790299,245.4322188691784,212.2417249434437,212.42560732892662,245.77743551144525,336.2164851577438,466.26348182525305,456.6039118651839,455.02354804214707,487.234034663848,428.676052969012,316.00504621591966,271.56465827703846]},"features":[9.276660721509417,212.2417249434437,0.004606808391288193],"projected":{"root":[1.0470563827421795,0.00426639081137236],"xy":[[-0.24264435698787884,-0.07912743536548508],[-0.2426363645334325,-0.18036893460063927],[-0.2426268556620313,-0.34160713688970995],[-0.24262469004079032,-0.424100391066673],[-0.13772685341831148,-0.4437193466980948],[0.11314153256377167,-0.455892798796855],[0.18445502254209123,-0.4325784947340938],[0.1936276036568188,-0.2728414131382468],[0.18443685555258463,-0.1380430228995453],[0.18442442913058668,-0.06217833506374689],[0.18442114889174732,0.0627731436232003],[0.18441915731825567,0.13863653799143857],[0.18441587717278252,0.26805058297310874],[0.1844014593181953,0.41977329789818624],[0.13056356304730898,0.43310319935642344],[-0.13422909355176751,0.4321519102082783],[-0.24267313851332573,0.4120642374130059],[-0.24266593370161044,0.34082577415377163],[-0.24265642504331522,0.17959568954034055],[-0.24265376730033994,0.07835644112234323]],"resolution":null},"type":"ramp"},{"normal":[-0.00019037295585706045,0.9604560138953059,-0.2784316956283489],"root":[817.8451223662405,108.48131216029928,1022.3410893604009],"cov":[[0.0011911723560330937,0.0000014661329413558423,6.611285410731375e-7],[0.0000014661329413558423,0.00039123303395963133,0.0001134169129739442],[6.611285410731375e-7,0.0001134169129739442,0.00003287917688779936]],"n":495,"id":"h","colors":{"mean":[196.00000351667404,196.00000351667404,98.00000175833702],"cov":[[0.00020161290322580645,-7.510665924318375e-12,-3.7553329621591875e-12],[-7.510665924318375e-12,0.00020161290322580645,-3.7553329621591875e-12],[-3.7553329621591875e-12,-3.7553329621591875e-12,0.00020161290322580645]]},"roughness":0.004606804648136434,"rot":[[0.9604560136795044,-0.000027037518520955928,0.2784316837787628,0],[-0.000027037518520955928,1,0.00019037295714952052,0],[-0.2784316837787628,-0.00019037295714952052,0.9604560136795044,0],[0,0,0,1]],"poly":{"xy":[[-225.03530322758843,-71.559599905303],[-225.03536426274468,-161.54855254202175],[-225.03536426274468,-187.79537871389675],[-141.36464893071343,-196.329619436553],[-51.48421680180718,-205.4972219756155],[0.038244135692821146,-192.9444876006155],[136.35922802241157,-194.3580618193655],[219.60483349116157,-175.141631155303],[219.60483349116157,-157.291777639678],[219.60483349116157,-68.04244902639675],[219.59396923334907,70.2854928681345],[219.59409130366157,159.53396698922825],[219.59409130366157,297.869111032197],[219.59409130366157,320.1812448212595],[83.55954540522407,264.5650338837595],[-4.015283696338429,228.7598581025095],[-126.84365283696343,178.5501413056345],[-201.23952686040093,148.13833710641575],[-225.04073535649468,138.4070748993845],[-225.04073535649468,70.9158639618845]],"rhoDist":[244.98775089627026,284.60124523040116,300.27908629994283,245.38033528842337,212.3763003855439,192.9444926381262,240.6830566794776,288.0085529541558,277.51642317073527,238.5499234291698,239.19764530210955,278.7978365205056,375.50723192761194,393.4413701215263,278.5067209355178,228.79779494350768,222.07845596215242,256.5974990663814,272.12480575972324,244.79729170878093]},"features":[9.814110111257914,192.9444926381262,0.004606804648136434],"projected":{"root":[1.022341089360401,0.8178451223662405],"xy":[[-0.21891889664610184,-0.07155541791590159],[-0.2189165221897528,-0.16154436888739426],[-0.21891581254071588,-0.18779119457405874],[-0.13855353852168248,-0.19632769738742495],[-0.052227087421176606,-0.20549772990081888],[-0.0027423684053840907,-0.19294638879734294],[0.12818798112836893,-0.1943636487710261],[0.20814120550550982,-0.17514946921676922],[0.20814072288977284,-0.15729961603112452],[0.2081383098094377,-0.06805028906774611],[0.2081241351232558,0.07027765056333582],[0.20812183930919204,0.1595261230312421],[0.20811809907023524,0.29786126451688577],[0.20811749580551475,0.32017339789347626],[0.07746379930935648,0.2645608660206152],[-0.006647005502952957,0.2287580587072999],[-0.12461689604555358,0.17855166381287424],[-0.19607003977597134,0.14814187165564985],[-0.2189297909448426,0.13841125315411987],[-0.21892796615000734,0.07092004346429237]],"resolution":null},"type":"ramp"},{"normal":[-0.0003392591135853443,0.9702640856683414,0.24204852605506788],"root":[981.0887984830048,139.3662857135553,1447.4640633947563],"cov":[[0.001158997301749283,3.891546927073007e-7,3.081697878738757e-7],[3.891546927073007e-7,0.0005402929411334572,-0.00013478493118185698],[3.081697878738757e-7,-0.00013478493118185698,0.000033624458449787324]],"n":191,"id":"h","colors":{"mean":[167.00000524520874,167.00000524520874,84.00000259280205],"cov":[[0.0005208333139307798,-2.4253192047278087e-11,-1.2126596023639044e-11],[-2.4253192047278087e-11,0.0005208333139307798,-1.2126596023639044e-11],[-1.2126596023639044e-11,-1.2126596023639044e-11,0.000520833328482695]]},"roughness":0.0041526849340411285,"rot":[[0.9702641367912292,0.00004167825318290852,-0.24204853177070618,0],[0.00004167825318290852,0.9999999403953552,0.0003392591024748981,0],[0.24204853177070618,-0.0003392591024748981,0.9702640771865845,0],[0,0,0,1]],"poly":{"xy":[[-154.9848153478813,-46.36577602206728],[-154.9614999181938,-110.17601772128603],[-154.9267098791313,-210.45555873691103],[-154.8802010900688,-360.88890834628603],[-82.9873788244438,-373.78331752597353],[79.7418692224312,-361.69396205722353],[221.8630850427437,-317.9945602017548],[260.5736563318062,-306.0929488736298],[260.5348379724312,-188.00926967441103],[260.4767325036812,-81.18950649081728],[260.3990957849312,81.84345249355772],[260.3605215661812,188.65863804043272],[260.2828848474312,357.2896194857452],[260.2443106286812,424.7307815951202],[113.1992666833687,356.7775345248077],[-5.282178629131295,279.3722610873077],[-83.1925790197563,228.47064975918272],[-155.0545174963188,181.52069858730772],[-155.0313241369438,108.60077671230772],[-155.0081307775688,49.35504917324522]],"rhoDist":[166.32441395988147,194.018277815425,264.161642125846,394.6024211703959,383.4366274932763,370.9211848397043,391.6888483714641,407.22355833153534,327.80972913882704,280.4732939433932,280.5717009029974,328.00640065542615,446.7667417430559,502.3102902261246,375.3584560894007,279.4258091184339,244.0371268088015,241.85365128543168,193.20403397050808,167.21241547796916]},"features":[7.932235416830609,166.32441395988147,0.0041526849340411285],"projected":{"root":[1.4474640633947562,0.9810887984830048],"xy":[[-0.14795765639379518,-0.04637562540126674],[-0.1479376937678716,-0.11018586240114171],[-0.14790811771664988,-0.2104653961087574],[-0.14786926170569853,-0.3608987349918753],[-0.07811477146073856,-0.37379014705095354],[0.07977608697633617,-0.3616940100173788],[0.21767302811538838,-0.3179886873504625],[0.25523300347261013,-0.30608546332854303],[0.2552002609320343,-0.18800179264528977],[0.25514833534042813,-0.08118203812351137],[0.2550798021451501,0.08185090810121849],[0.2550468268343202,0.18866608580057398],[0.2549785269548481,0.35729705415922214],[0.2549439106034406,0.42473821072118645],[0.11226854472512407,0.3567788390396986],[-0.0026929795176943543,0.2793686320241205],[-0.07828876895836534,0.228463776499999],[-0.14801578797865772,0.18151083299061999],[-0.1479963234687521,0.10859091634203545],[-0.14797628904229204,0.04934519323058421]],"resolution":null},"type":"ramp"},{"normal":[-0.00038007315078725706,0.9702592774693956,0.24206773851334776],"root":[63.63301852170159,132.52727423275218,1473.4856481215534],"cov":[[0.0012319688656836825,-0.000005035315620018644,0.000001738840114666428],[-0.000005035315620018644,0.0004402307894675756,-0.00010983413185863205],[0.000001738840114666428,-0.00010983413185863205,0.000027402951339135452]],"n":170,"id":"h","colors":{"mean":[167.00000524520874,167.00000524520874,84.00000259280205],"cov":[[0.0005847952998521036,-2.178532338281821e-11,-1.0892661691409105e-11],[-2.178532338281821e-11,0.0005847952998521036,-1.0892661691409105e-11],[-1.0892661691409105e-11,-1.0892661691409105e-11,0.0005847953161910961]]},"roughness":0.004152687960875225,"rot":[[0.9702593684196472,0.00004669611371355131,-0.24206773936748505,0],[0.00004669611371355131,0.9999999403953552,0.0003800731501542032,0],[0.24206773936748505,-0.0003800731501542032,0.9702592492103577,0],[0,0,0,1]],"poly":{"xy":[[-180.70403191061587,-54.40510466519524],[-180.68071648092837,-127.37060931149651],[-180.63420769186587,-245.9470138830297],[-180.56450554342837,-464.87633517209224],[-20.466483082490868,-500.9705429357641],[0.2857141831341323,-500.625297574436],[209.06977180032163,-452.6510544103735],[234.99787238625913,-322.28469088498287],[234.92023566750913,-170.390563992893],[234.86213019875913,-74.76102164212395],[234.80402473000913,71.48508450564216],[234.74567512063413,167.09886929568123],[234.68756965188413,318.94995877322026],[234.64875129250913,380.80783841189213],[110.67804816750913,355.71176907595463],[-108.95769401999087,349.196968050564],[-154.54570671530337,357.54248807009526],[-180.80876823874087,246.54502102907966],[-180.76225944967837,127.99610135134529],[-180.73894401999087,55.037773104274976]],"rhoDist":[194.02145361355207,225.60201293567144,308.44856298443364,500.72596268909933,501.41247345871125,500.6254523237675,501.3402281016315,403.16717122036243,296.07952445656497,253.34777258794134,252.3309298499233,294.0211775852918,400.27531905214545,451.0909555781639,373.5440712267458,366.82004329289333,391.43093522545894,309.062802457519,226.044090411115,194.2438230861332]},"features":[8.291463784893047,194.02145361355207,0.004152687960875225],"projected":{"root":[1.4734856481215535,0.06363301852170158],"xy":[[-0.1729116398080035,-0.05441733958355651],[-0.17289242499971574,-0.1273828377914282],[-0.172852836469314,-0.24595923149738905],[-0.17279543045615073,-0.4648885334801578],[-0.017460512580016865,-0.5009752626422689],[0.0026745169879578796,-0.5006290482593236],[0.20525144139701876,-0.4526450592088813],[0.23041451104100735,-0.32227749450020887],[0.23034627615385192,-0.17038338237003564],[0.23029436430729475,-0.07475384974393923],[0.2302448160574746,0.07149224296804572],[0.23019266659537624,0.16710601802316713],[0.23014338007648594,0.31895709365397845],[0.23010860472280184,0.38081496694468375],[0.10982369890320726,0.3557131104988917],[-0.10328023793723777,0.349188053815916],[-0.1475120438353439,0.3575314444406188],[-0.17299920800892893,0.24653275915485787],[-0.17295961819508948,0.12798385034068066],[-0.17294040305169178,0.05502552853151379]],"resolution":null},"type":"ramp"},{"normal":[0.0009583584519128385,0.999838287791338,-0.0179577230060804],"root":[-950.2155314941406,54.26293525695801,1246.0313188476562],"cov":[[0.0010626491715632143,-0.00012504213503947685,-0.0000032643987332427186],[-0.00012504213503947685,0.001220266152287947,0.000022036600330753865],[-0.0000032643987332427186,0.000022036600330753865,0.0000071535244665325235]],"n":250,"id":"h","colors":{"mean":[107.75600292474032,106.68400268465281,102.84800248771906],"cov":[[656.5825880283961,622.1065181504,583.1822209402277],[622.1065181504,604.0643311683939,561.4541856143178],[583.1822209402277,561.4541856143178,537.4674516683515]]},"roughness":11.681785157629655,"rot":[[0.9998387694358826,0.000008605663424532395,0.017957722768187523,0],[0.000008605663424532395,0.9999995231628418,-0.0009583584615029395,0],[-0.017957722768187523,0.0009583584615029395,0.9998382925987244,0],[0,0,0,1]],"poly":{"xy":[[-257.95722216796867,-81.59452709960942],[-194.35309619140617,-144.97538647460942],[-194.35309619140617,-144.97538647460942],[-101.62738818359367,-196.62736401367192],[-2.3247758789061663,-244.39909252929692],[95.68877392578133,-295.6414020996094],[233.93462353515633,-337.4409626464844],[333.16069775390633,-394.9427937011719],[357.00908642578133,-248.49259838867192],[325.26164990234383,-44.73594555664067],[325.24468212890633,63.43519702148433],[325.22759228515633,133.74842944335933],[130.68999462890633,181.46894946289058],[130.68999462890633,181.46894946289058],[20.945121582031334,181.57661547851558],[-55.786201660156166,207.27668872070308],[-89.48419970703117,177.65138354492183],[-224.45008105468742,204.05720629882808],[-244.37488574218742,152.50044360351558],[-258.76215380859367,83.83259692382808]],"rhoDist":[272.7366189913332,242.53608637163185,242.53608637163185,221.50944742856169,244.45455392649032,310.86791041061616,411.3852055713249,517.1519019296876,435.48930963162076,329.04443612552217,332.0852181313818,352.32513005115294,224.52235238827166,224.52235238827166,184.95868498301456,216.73252557857714,201.27111786569972,305.20119186476234,289.95381532810137,272.67151317377807]},"features":[19.425643730432427,184.95868498301456,11.681785157629655],"projected":{"root":[1.2460313188476562,-0.9502155314941406],"xy":[[-0.2580959052110501,-0.08158712593486102],[-0.1945025810215396,-0.1449674088456894],[-0.1945025810215396,-0.1449674088456894],[-0.10179226980686405,-0.19661856469667763],[-0.0025060814483894413,-0.24438941670765546],[0.09549122240855779,-0.295630859272651],[0.23371441975444385,-0.3374292109252714],[0.33292399863498323,-0.39493016166530054],[0.35676980198504543,-0.2484798283806863],[0.3250292382904941,-0.04472354233422414],[0.3250132041376277,0.06344755041892222],[0.3249967221416923,0.13376075040149016],[0.13049090491292864,0.18147957437964263],[0.13049090491292864,0.18147957437964263],[0.02076372947668566,0.18158629591835806],[-0.055954999447387854,0.20728569703350547],[-0.08964781853821253,0.17766011546988256],[-0.2245917090002545,0.20406476462560566],[-0.24451374443445645,0.15250785414221874],[-0.25889928344389196,0.0838399151871152]],"resolution":null},"type":"preview"},{"normal":[-0.0002801149914999335,0.9997640956039632,-0.021718072584396054],"root":[-793.5984049859449,14.671299159861055,747.3248304705753],"cov":[[0.0011946375222637734,8.803463081081128e-7,3.538387765361888e-7],[8.803463081081128e-7,0.0012081815480434377,0.000026245812656317162],[3.538387765361888e-7,0.000026245812656317162,5.702515652870024e-7]],"n":1070,"id":"h","colors":{"mean":[163.84486524635386,149.9514080524166,119.99532936123487],"cov":[[51.216003912276165,60.8794832904897,66.27846131322472],[60.8794832904897,79.08643061101618,85.22480759792636],[66.27846131322472,85.22480759792636,95.96742448649717]]},"roughness":0.17916146701362565,"rot":[[0.9997641444206238,-0.000003042137677766732,0.021718071773648262,0],[-0.000003042137677766732,0.9999999403953552,0.00028011499671265483,0],[-0.021718071773648262,-0.00028011499671265483,0.999764084815979,0],[0,0,0,1]],"poly":{"xy":[[-156.5755628924503,-48.3579548773364],[-156.57562392760656,-68.56809892030515],[-119.27423232604406,-88.4324177679614],[-42.75225966979406,-129.18540849061765],[-3.602723536981557,-150.0315388617114],[56.61047226379969,-182.09727372499265],[176.86382919739344,-246.13914384218015],[240.7492662091122,-280.16050614686765],[240.74139267395594,-166.89012040468015],[245.45281845520594,-76.6256550726489],[495.4727769512997,70.8582316461011],[454.3775621075497,209.1961222711011],[403.6679673809872,295.0295268121167],[226.65972763489344,314.70399580625735],[48.81634384583094,497.6838236871167],[-56.59948867370031,496.9062052789136],[-156.59991591979406,436.7028056207105],[-156.58953994323156,214.39027510313235],[-156.5825209002628,113.33277998594485],[-156.5791029315128,49.3296671929761]],"rhoDist":[163.90868597718244,170.96546039571763,148.5040713776122,136.07923493254006,150.07483347909647,190.69757294510066,303.1163659594081,369.42747920980634,292.97707142010717,257.1902188946754,500.63011411061115,500.32032758596193,500.06863416506684,387.86381226461305,500.07365709232266,500.12046129215605,463.94355098401155,265.50822828367956,193.32298363194704,164.20088044962628]},"features":[69.14397441470098,136.07923493254006,0.17916146701362565],"projected":{"root":[0.7473248304705753,-0.7935984049859448],"xy":[[-0.15675566578666816,-0.04836027780541792],[-0.15675566532538754,-0.06857042105521895],[-0.11946301139250072,-0.08843485259943136],[-0.04295896362730506,-0.12918807451344613],[-0.0038185980892665103,-0.150034323164883],[0.05638049306488141,-0.18210023994683852],[0.17660568124548365,-0.2461424733784948],[0.24047615340609918,-0.28016402869658724],[0.24046793714392645,-0.16689364737481857],[0.24517797706705277,-0.07662919991728495],[0.49513851589954166,0.07085392041952664],[0.45405257314227304,0.20919193063388777],[0.4033546779253092,0.2950254860726416],[0.22638812840342015,0.3147004927782552],[0.04858613502255848,0.4976808545036257],[-0.056804831209230584,0.49690355681541065],[-0.15678148869160052,0.4367004637344664],[-0.15677043885704234,0.21438794190816268],[-0.15676311403880694,0.11333045073479828],[-0.15675950216995527,0.04932734044271101]],"resolution":null},"type":"reactive"},{"normal":[-0.00025850496906544774,0.9997630382435039,-0.02176695976242987],"root":[-1101.826698996804,38.07921802636349,1829.5502661502724],"cov":[[0.0012101238206120746,0.000005437656695862161,4.31286473713789e-7],[0.000005437656695862161,0.0012518549656253541,0.00002725694117909958],[4.31286473713789e-7,0.00002725694117909958,5.935774070556572e-7]],"n":264,"id":"h","colors":{"mean":[162.20076310702345,148.659096902067,117.77651699767871],"cov":[[63.49606733063973,72.68327438763501,78.73526288913035],[72.68327438763501,105.4695096103102,112.81467726274552],[78.73526288913035,112.81467726274552,126.68648842584376]]},"roughness":0.21224470468255027,"rot":[[0.9997630715370178,-0.0000028137669687566813,0.021766960620880127,0],[-0.0000028137669687566813,0.9999999403953552,0.0002585049660410732,0],[-0.021766960620880127,-0.0002585049660410732,0.999763011932373,0],[0,0,0,1]],"poly":{"xy":[[-266.04086673620986,-19.558554909446002],[-250.35824954870986,-178.2371437766335],[-319.39487064245986,-249.966758034446],[-117.86777103308486,-357.2842629172585],[-9.314792517459864,-415.092978737571],[149.54739009972764,-480.923789284446],[181.34048092004014,-466.047568581321],[338.93069088097764,-367.7720558860085],[181.26272213097764,-130.9002297141335],[191.96596920129014,-1.997031471946002],[191.96596920129014,10.692055442116498],[191.96596920129014,118.5492331764915],[181.18508541222764,229.5079734108665],[159.90151607629014,474.17710182883525],[38.348415490352636,499.4623191139915],[-91.64377200964736,491.9759909889915],[-234.60654056433486,441.64060280539775],[-334.33859622839736,372.24717018821025],[-266.07468021277236,190.74643776633525],[-266.05771243933486,82.899208762429]],"rhoDist":[266.82173830813986,307.37256117482707,405.6421159202841,376.2337987474233,415.19759181455606,503.6485608090214,500.09917861506847,500.1831149400555,223.62089335045403,192.0219463911369,192.30906125500164,225.66015476575862,292.43466093927645,500.4252137626017,500.933277183913,500.44219002437995,500.11131849804605,500.40119214627236,327.43366195087435,278.73320892351614]},"features":[27.254583648040036,192.0219463911369,0.21224470468255027],"projected":{"root":[1.8295502661502723,-1.101826698996804],"xy":[[-0.2661954486796557,-0.019560390728547275],[-0.2505161006640367,-0.1782390184205034],[-0.3195361631953209,-0.2499684360284059],[-0.11805650910069246,-0.35728650437536114],[-0.00952908720182571,-0.41509552370670577],[0.14929564169468806,-0.48092677905492237],[0.18108115797254598,-0.4660506483072567],[0.33863375382222183,-0.36777558231808843],[0.1810024745802195,-0.13090332042068106],[0.19170282304440328,-0.0020001566024138375],[0.19170278734026916,0.010688929887625456],[0.19170248385530092,0.11854610401780524],[0.18092384215109716,0.22950487087923716],[0.15964462705399313,0.47417405100825727],[0.038120254695704625,0.49945960947057755],[-0.09184111290629837,0.4919736473634719],[-0.2347698678974776,0.44163866312582545],[-0.3344780989541829,0.37224551345028234],[-0.2662298458940973,0.190744595014748],[-0.26621257868383136,0.0828973695669612]],"resolution":null},"type":"reactive"},{"normal":[0.012004784526509753,0.9997430588880565,-0.019227619551673403],"root":[-1074.8990597030493,80.03996313891365,2273.3826299871057],"cov":[[0.0009026374448628133,0.00024842427027784976,-0.00000606091797383641],[0.00024842427027784976,0.0011238389107753664,0.000018631254313114914],[-0.00000606091797383641,0.000018631254313114914,0.00002225731501598603]],"n":103,"id":"h","colors":{"mean":[103.69903202051098,103.0582550276541,99.97087627576971],"cov":[[628.7670637696251,570.7770196699689,502.06826884517125],[570.7770196699689,559.9014835694277,481.8382443023169],[502.06826884517125,481.8382443023169,458.74052236450166]]},"roughness":11.130977101709354,"rot":[[0.9998151063919067,0.00011542654101504013,0.01922762021422386,0],[0.00011542654101504013,0.9999279379844666,-0.012004784308373928,0],[-0.01922762021422386,0.012004784308373928,0.9997430443763733,0],[0,0,0,1]],"poly":{"xy":[[-267.9736944402307,9.58607142179926],[-266.3319708074182,-190.59007603913824],[-269.4295049871057,-230.60191685945074],[-192.9360967839807,-282.94554478913824],[-40.2676397527307,-282.74876744538824],[11.721862200394298,-258.62962682038824],[160.0453485285193,-262.23912389070074],[251.1144403253943,-196.35277135163824],[273.1032098566443,-180.82738072663824],[272.8702997003943,-77.29466588288824],[276.4469598566443,68.96485560148676],[451.0704950128943,216.289135386643],[402.7152704035193,296.71058314054926],[250.1867059503943,432.202709605393],[123.2816766535193,483.66993372648676],[-116.8626104558557,485.3759273788305],[-262.6732794011682,423.86158411711176],[-385.8864141667932,316.8122066757055],[-268.9187627996057,193.956859996018],[-267.9736944402307,9.58607142179926]],"rhoDist":[270.3391829346484,328.7019693871175,354.66106570117364,342.47046359979896,285.61062615145175,259.499513830872,307.92294858521683,319.42053413972496,327.5446971258494,283.61003058378,284.91969836164094,500.74893311833887,500.7672145951436,500.1077330224818,500.0039929897358,500.45189411049927,500.09234641991253,500.92631315928713,331.5927497111405,270.3391829346484]},"features":[13.49029177582023,259.499513830872,11.130977101709354],"projected":{"root":[2.273382629987106,-1.0748990597030492],"xy":[[-0.2681153226652481,0.00967449715331722],[-0.26649700818599537,-0.19048703477792991],[-0.26959858813931903,-0.23049634961520987],[-0.1931253634553201,-0.28282737594346435],[-0.04048510820436783,-0.2826129907884703],[0.011497566208376072,-0.2584895873814394],[0.1597932146850754,-0.2620817038598825],[0.2508530751696742,-0.1961895877412738],[0.2728395715819208,-0.1806627778920289],[0.27261865490824216,-0.07713755119175934],[0.27621153606254806,0.06911184269538803],[0.45081979292509355,0.21644566149931693],[0.40248279072995363,0.29685573206969523],[0.24999806429575794,0.43232048822123],[0.12312243717734722,0.4837693550612196],[-0.11697725647742432,0.4854475067431952],[-0.26276806914679196,0.42392076619466856],[-0.3859707812942868,0.31686488138065066],[-0.2690389350227575,0.1940318896501638],[-0.2681153226652481,0.00967449715331722]],"resolution":null},"type":"preview"},{"normal":[-0.0002457095847841954,0.999764753889105,-0.02168816515653426],"root":[-23.38534635664136,124.50756200154622,2264.8880585093557],"cov":[[0.0012061732662798923,-0.000008133724263023424,1.1999100469846476e-7],[-0.000008133724263023424,0.0010878250790163314,0.000023596482421835256],[1.1999100469846476e-7,0.000023596482421835256,5.11941660197196e-7]],"n":162,"id":"h","colors":{"mean":[92.88889095187187,92.88889095187187,187.00000405311584],"cov":[[0.3196318638076766,0.3190183668751612,-0.6625766081369819],[0.3190183668751612,0.3196318638076766,-0.6625766081369819],[-0.6625766081369819,-0.6625766081369819,2.8717787988232506]]},"roughness":0.005801845858245877,"rot":[[0.9997648000717163,-0.0000026648085622582585,0.02168816514313221,0],[-0.0000026648085622582585,0.9999999403953552,0.00024570958339609206,0],[-0.02168816514313221,-0.00024570958339609206,0.9997647404670715,0],[0,0,0,1]],"poly":{"xy":[[-75.40466007185569,-22.40155321000903],[-75.40466007185569,-48.631125506151605],[-75.40490421248069,-101.09026246904223],[-75.37536319685569,-225.68423372148365],[-0.23791202498068742,-406.1861868464836],[91.99182430314431,-425.3700247371086],[119.26575008439431,-254.9950857722649],[119.23181453751931,-87.89667421220629],[91.89172664689431,-31.743434008348874],[91.89172664689431,-24.838053759325437],[91.89172664689431,16.594218674909182],[119.19739070939431,58.31027692915113],[91.85827938126931,106.36290830732496],[105.45495906876931,293.90789884687575],[91.79138485001931,465.424073163282],[-0.4246796031056874,446.43548673750075],[-75.46349796248069,226.7735909855476],[-75.43420108748069,102.18777555586011],[-75.43420108748069,49.72938436628492],[-75.43444522810569,23.500189032267638]],"rhoDist":[78.67906920327796,89.74165752693663,126.12645069056323,237.94469181244796,406.18627493128815,435.2076438466096,281.5194606699093,148.15079699805204,97.24042981467576,95.210232926425,93.39941837249434,132.72120030496535,140.55294204124377,312.26296526515347,474.3940412404036,446.4357010024652,239.00518733736487,127.02460300125097,90.36561421053369,79.0268339293532]},"features":[9.02951602214291,78.67906920327796,0.005801845858245877],"projected":{"root":[2.2648880585093556,-0.02338534635664136],"xy":[[-0.07560374565102508,-0.022403808690573707],[-0.07560367575423867,-0.04863338019484153],[-0.07560378004388536,-0.10109251557333228],[-0.07557391395770757,-0.225686483142984],[-0.00045365530745867453,-0.40618863104551906],[0.09175443823956962,-0.4253727141315637],[0.11902149474267415,-0.2549978529901536],[0.11898712189271751,-0.08789944638438958],[0.09165331518840879,-0.03174613501970918],[0.091653296786893,-0.024840754979160228],[0.09165318637782247,0.016591516204227823],[0.11895231654810308,0.05830750043469077],[0.09161950776316233,0.10636020321564384],[0.10521248952365117,0.2939051518606357],[0.09155167213733752,0.4654213574097511],[-0.0006426510283337925,0.4464330172953878],[-0.07566323370607639,0.22677132813913933],[-0.07563361172483155,0.10218551639264589],[-0.07563347193326635,0.04972712678679747],[-0.07563364612068368,0.02349793224529415]],"resolution":null},"type":"step"},{"normal":[-0.00025162185979340286,0.9997641301791123,-0.02171682973278187],"root":[-49.234859326382,40.73356778085517,1937.813797216096],"cov":[[0.0011371285297101226,-0.000017391385255355056,-9.158095812215029e-8],[-0.000017391385255355056,0.0010347176165144286,0.00002247171064501628],[-9.158095812215029e-8,0.00002247171064501628,4.881308847438104e-7]],"n":209,"id":"h","colors":{"mean":[160.2153166543924,146.0047909310845,116.15311145140794],"cov":[[50.35909401954196,59.34659118815547,57.52433215712109],[59.34659118815547,81.18616923470937,78.38975099435608],[57.52433215712109,78.38975099435608,88.83429918388924]]},"roughness":0.3658769072511144,"rot":[[0.9997641444206238,-0.000002732536813709885,0.021716829389333725,0],[-0.000002732536813709885,0.9999999403953552,0.00025162185193039477,0],[-0.021716829389333725,-0.00025162185193039477,0.9997641444206238,0],[0,0,0,1]],"poly":{"xy":[[-145.75935385672096,-44.50983824441878],[-145.73823569265846,-103.1817208738133],[-145.73823569265846,-197.05484404275862],[-182.07661459890846,-466.08758940408677],[-40.46589682547096,-498.392337939243],[30.650558252654037,-499.2369424314305],[242.36222817452904,-437.87369169900865],[242.33244301827904,-331.0771218747899],[242.30265786202904,-170.88959135721174],[242.27287270577904,-77.44823851297346],[242.24333169015404,76.05697808553728],[242.21330239327904,169.4920843630031],[242.18351723702904,329.6632040529445],[195.13835122140404,463.6474875002101],[83.41532876046654,493.41241059591323],[-79.81892416922096,493.65935883810073],[-145.84443686453346,448.29769501974135],[-145.80183432547096,196.03330598165545],[-145.78071616140846,102.16440568258318],[-145.78083823172096,43.49518809606584]],"rhoDist":[152.43682761259373,178.5954347421781,245.1133608421139,500.40608982872004,500.03347079625786,500.17722227248424,500.4989284098131,410.321555959606,296.5484211557065,254.4048801710584,253.95745728460275,295.67394849566887,409.0957827175466,503.0577196451015,500.4175344958163,500.0731346389128,471.4346709013847,244.3294521265362,178.04330234060717,152.16363420189117]},"features":[25.54375044529396,152.16363420189117,0.3658769072511144],"projected":{"root":[1.937813797216096,-0.049234859326382004],"xy":[[-0.14594202491140681,-0.04451195476101333],[-0.14592075140473454,-0.10318383559053204],[-0.14592049489297054,-0.197056955787406],[-0.18224956868091,-0.4660895933350613],[-0.040672159844727065,-0.49839472780393085],[0.030427525567372878,-0.4992395265977086],[0.24208909812114277,-0.4378768563180088],[0.24205902816381158,-0.33108028979363535],[0.24202881231371526,-0.1708927642662878],[0.241998778850006,-0.07745141429906177],[0.2419688253426257,0.07605379752011682],[0.2419385478129381,0.1694889009214353],[0.24190833200768497,0.32966001562166564],[0.1948738949204818,0.4636444233795676],[0.08317713967788508,0.4934096508201688],[-0.08001861706067664,0.4936570450981417],[-0.14602843446812147,0.4482955631330994],[-0.1459851526546359,0.1960311819654207],[-0.14596378297081744,0.10216228458057994],[-0.14596374469654477,0.043493068851893746]],"resolution":null},"type":"reactive"},{"normal":[-0.00029704392261620195,0.9997642836366447,-0.02170918997601891],"root":[1013.6081401824952,47.34711983203888,2228.2705810546877],"cov":[[0.0012005505884032542,0.000016991338430178474,7.256554988813123e-7],[0.000016991338430178474,0.001004344125022653,0.000021813686428069255],[7.256554988813123e-7,0.000021813686428069255,4.739162359241475e-7]],"n":160,"id":"h","colors":{"mean":[163.93750542774796,151.78125615231693,122.14375160168856],"cov":[[16.543321009299586,16.73796384316227,19.406447671498434],[16.73796384316227,22.095921279049207,24.646161489408485],[19.406447671498434,24.646161489408485,34.2347608656958]]},"roughness":0.15555645640287868,"rot":[[0.9997643232345581,-0.000003224671445423155,0.02170919068157673,0],[-0.000003224671445423155,0.9999999403953552,0.0002970439090859145,0],[-0.02170919068157673,-0.0002970439090859145,0.9997642636299133,0],[0,0,0,1]],"poly":{"xy":[[-436.3860595703127,-139.38682670593266],[-427.1280029296877,-260.11448783874516],[-379.9315917968752,-325.33372611999516],[-207.06745605468768,-455.25364799499516],[-12.128491210937682,-500.5583965301514],[50.05192871093732,-497.60594291687016],[195.55070800781232,-460.54747123718266],[339.4132568359373,-370.1843730926514],[431.5912353515623,-253.96397514343266],[479.4752685546873,-143.0760967254639],[479.3881103515623,144.43055610656734],[447.3163330078123,226.94532661437984],[354.2816650390623,353.51429634094234],[181.56437988281232,466.90907173156734],[114.39226074218732,487.06776313781734],[-95.54719238281268,492.24622993469234],[-270.5615966796877,421.30750923156734],[-370.4337890625002,337.30116157531734],[-408.5368164062502,289.84828071594234],[-436.4286621093752,136.30506782531734]],"rhoDist":[458.2052626654789,500.1851096073661,500.2596932991342,500.15426705067745,500.70547960527335,500.11772483276417,500.3608241608524,502.28520692583163,500.8543765748402,500.47449543187247,500.7816995276839,501.68852655071504,500.5480303934699,500.9853265681607,500.32736790302323,501.4373184372398,500.7362846218344,501.05540268992144,500.990643186071,457.31636774022076]},"features":[22.115394699663,457.31636774022076,0.15555645640287868],"projected":{"root":[2.2282705810546877,1.0136081401824952],"xy":[[-0.4364998579129119,-0.13938838379332794],[-0.4272435938321877,-0.26011606945349613],[-0.3800580952727149,-0.3253354570500174],[-0.2072342798596457,-0.45525593062265035],[-0.012341110625589803,-0.5005613057729662],[0.049824645576707086,-0.497609052801385],[0.19528901534886084,-0.46055105194258994],[0.339117368376454,-0.3701884216945919],[0.4312732483287392,-0.253968326117039],[0.4791456390174856,-0.14308060700202646],[0.47905757424061224,0.1444260334254783],[0.44699308924145803,0.22694090371345976],[0.3539799388180096,0.35351016786169664],[0.18130299267044078,0.4669054952055445],[0.11414663912848189,0.48706440233035775],[-0.09574335379406232,0.4922435458845215],[-0.2707162833000649,0.42130539267537415],[-0.3705646676866466,0.33729937078073],[-0.40865856218461466,0.28984661488485386],[-0.43654333942754125,0.13630349871101777]],"resolution":null},"type":"reactive"},{"normal":[-0.00026956360321615303,0.9997630804315629,-0.02176488781170297],"root":[-16.247638945879995,56.601288592229125,2667.52883861104],"cov":[[0.0011355918475783808,0.00004008540426749865,0.000001178847849108648],[0.00004008540426749865,0.0013209784554539437,0.00002876856928766266],[0.000001178847849108648,0.00002876856928766266,6.266496029697695e-7]],"n":122,"id":"h","colors":{"mean":[160.96721865725323,147.10656312279036,118.40983828926673],"cov":[[84.95909080167445,94.40184412095923,101.54991913646671],[94.40184412095923,132.55054589379426,121.67215023149653],[101.54991913646671,121.67215023149653,142.500910845238]]},"roughness":0.5676672136349942,"rot":[[0.9997631311416626,-0.000002933858240794507,0.021764887496829033,0],[-0.000002933858240794507,0.9999999403953552,0.0002695636067073792,0],[-0.021764887496829033,-0.0002695636067073792,0.9997630715370178,0],[0,0,0,1]],"poly":{"xy":[[-129.4138483766651,-35.559852356610236],[-129.4138483766651,-87.49194693058485],[-129.3750300172901,-176.5214803168153],[-129.3362116579151,-391.6787221381044],[-69.3791804079151,-496.60813497990125],[106.3771672483349,-489.8301198431825],[227.3647160764599,-448.8086049506044],[157.2431340452099,-216.0679585882997],[157.2431340452099,-111.87107443302625],[157.1962590452099,-47.7488210150575],[157.1962590452099,48.43124795466906],[157.1962590452099,112.55129647761828],[157.1493840452099,208.72804666072375],[157.1025090452099,481.22548318416125],[122.9994817014599,485.0551035454894],[-129.5300593141651,483.7387278130675],[-129.5300593141651,394.7165415337706],[-129.4524225954151,172.1660502007628],[-129.4526667360401,90.5597727349425],[-129.4526667360401,38.62850022822863]],"rhoDist":[134.24027663045035,156.23966128905576,218.87431969438111,412.4907400056595,501.4337268541878,501.25288927522814,503.13744063551917,267.2491960193185,193.007793476443,164.32374594472822,164.52362703011696,193.36570433788197,261.2956390126971,506.2328285115587,500.41497410004615,500.7878280474514,415.4353247392571,215.4223804850964,158.0090314762045,135.1221086994929]},"features":[18.663019612171052,134.24027663045035,0.5676672136349942],"projected":{"root":[2.66752883861104,-0.016247638945879994],"xy":[[-0.12960073695656138,-0.03556216701862148],[-0.12960058459515283,-0.08749425970556177],[-0.12956151423115764,-0.17652378997065168],[-0.1295220738263338,-0.3916810240877517],[-0.0695789375436368,-0.49661060902220916],[0.10613575649522344,-0.48983310977600575],[0.22709452505045324,-0.44881195133433754],[0.156988870818093,-0.21607110770224225],[0.15698856511919593,-0.11187422733312648],[0.15694151309748974,-0.047751976107616036],[0.15694123091879272,0.048428089367256476],[0.1569410427996539,0.1125481355603029],[0.15689389673459522,0.20872488238619952],[0.15684623336962122,0.48122230914553865],[0.12275127322564112,0.4850520294211625],[-0.12971844391410686,0.4837363946224721],[-0.12971818273562363,0.3947142115779364],[-0.12963991147609644,0.1721637281038755],[-0.12963991613763126,0.0905574536040639],[-0.12963976377863454,0.0386261829843545]],"resolution":null},"type":"reactive"},{"normal":[-0.0002750400433124184,0.9997647768511576,-0.02168675449968073],"root":[-1025.2497023678898,61.050347617502965,2885.9676691976824],"cov":[[0.0012025706506178463,-0.000017914998585432227,-5.777668276547022e-8],[-0.000017914998585432227,0.0008976807340262841,0.00001946743354695313],[-5.777668276547022e-8,0.00001946743354695313,4.2231228376744377e-7]],"n":89,"id":"h","colors":{"mean":[161.7640505011162,147.37079259050026,117.21348461307836],"cov":[[56.42382598298292,64.68651624037366,64.08314529809739],[64.68651624037366,86.43182921892756,81.17728697626023],[64.08314529809739,81.17728697626023,87.58938727054849]]},"roughness":0.23198994211247292,"rot":[[0.9997648000717163,-0.0000029827137950633187,0.021686755120754242,0],[-0.0000029827137950633187,0.9999999403953552,0.00027504004538059235,0],[-0.021686755120754242,-0.00027504004538059235,0.9997648000717163,0],[0,0,0,1]],"poly":{"xy":[[-287.6158625570574,-91.20293435086023],[-287.5753352133074,-204.38945778836023],[-332.7176691976824,-375.35308083523523],[-161.33876294768243,-473.60796364773523],[-94.88905591643243,-492.20256813992273],[27.216168692942574,-499.71636208523523],[235.71787767731757,-442.25554665554773],[317.0643132241926,-400.59661110867273],[296.3868229898176,-209.68083962429773],[296.3868229898176,-95.81072243679773],[296.3287175210676,88.15113059054602],[296.2708561929426,210.79346457492102],[296.1548893960676,403.512946996796],[157.06431322419257,474.8724440671085],[81.64805345856757,493.38190451632727],[-61.102190682057426,496.35553732882727],[-272.4920832601824,419.3160475827335],[-362.3983332601824,345.609626684296],[-272.4105402914324,192.01709738742102],[-287.6561457601824,14.435676488983518]],"rhoDist":[301.7949996089282,352.86605363313765,501.64193579580405,500.34779741051227,501.27052081166306,500.4571629295068,501.1764711131075,510.9339922470658,363.1142301178265,311.55383632837317,309.2295700525873,363.6652805576217,500.57320341475673,500.18574205505286,500.09584219657177,500.1036413127981,500.1112231605609,500.8380569300139,333.33509118604917,288.0856833930583]},"features":[17.375834952814053,288.0856833930583,0.23198994211247292],"projected":{"root":[2.8859676691976826,-1.0252497023678897],"xy":[[-0.2877648150408821,-0.09120482342548425],[-0.2877239596255687,-0.20439134270225026],[-0.332855166860091,-0.3753548246352596],[-0.1615162733469596,-0.4736102149051977],[-0.09508213884899765,-0.49220501689444424],[0.026994390815442925,-0.4997191747604576],[0.23544689186932202,-0.4422589834053099],[0.3167740716719705,-0.4006002920674393],[0.2961008750326745,-0.20968446612998437],[0.2961005353907103,-0.0958143532499588],[0.29604189488