[{"normal":[-0.00014285159946970417,0.9601923924647572,-0.27933948708735457],"root":[14.70203787294474,194.19090725513215,4138.165703956117],"cov":[[0.001256438072782712,-0.00003123053300106475,-0.000008898671712777702],[-0.00003123053300106475,0.00035545717837835874,0.00010340507312630243],[-0.000008898671712777702,0.00010340507312630243,0.000030081449751896582]],"n":47,"id":"h","colors":{"mean":[196.00000351667404,196.00000351667404,98.00000175833702],"cov":[[0.0020833333236320566,-4.850638409455617e-12,-2.4253192047278085e-12],[-4.850638409455617e-12,0.0020833333236320566,-2.4253192047278085e-12],[-2.4253192047278085e-12,-2.4253192047278085e-12,0.0020833333309080142]]},"roughness":0.01457870402342577,"rot":[[0.9601923823356628,-0.000020357232642709278,0.2793394923210144,0],[-0.000020357232642709278,1,0.0001428515970474109,0],[-0.2793394923210144,-0.0001428515970474109,0.9601923823356628,0],[0,0,0,1]],"poly":{"xy":[[-271.8832332529919,-85.45140463319865],[-271.8832332529919,-196.80990225282756],[-271.8834773936169,-368.9094048163041],[-271.8834773936169,-419.52689749208537],[-126.13909262799189,-428.8787346502885],[114.40167885638311,-444.3116264959916],[114.40167885638311,-347.62720877138224],[114.40216713763311,-154.25838858095256],[114.40216713763311,-79.05940634218302],[114.40216713763311,-36.08856016603556],[114.40216713763311,28.367713866557214],[114.40216713763311,82.0812720635787],[114.40216713763311,157.28026193174276],[114.40216713763311,350.6490668633834],[114.40216713763311,404.36262887510213],[-126.22551840924189,389.3265570977584],[-271.8829891123669,380.22960275205526],[-271.8829891123669,370.1060981133834],[-271.8832332529919,187.88309091123494],[-271.8832332529919,86.64809793027791]],"rhoDist":[295.71540217439514,344.7931469753341,465.0229598079272,506.1187286305096,448.54588816225254,459.99619667388805,367.4632965775965,194.89021894797557,142.96031266189917,124.45904658794032,122.44595008211044,144.65866728733224,197.2982275451818,370.332444062252,421.5459627040454,410.9050078940326,474.0353822121128,465.95466001845284,339.7639318843289,296.0568468304453]},"features":[5.904771961286875,122.44595008211044,0.01457870402342577],"projected":{"root":[4.138165703956117,0.01470203787294474],"xy":[[-0.26385187035543506,-0.08544729746937517],[-0.2638496034045941,-0.19680579392970665],[-0.26384633435695887,-0.3689052946965716],[-0.2638453039248856,-0.41952278684539945],[-0.12390246253367979,-0.42887759085858995],[0.10706327299833936,-0.4443153792880702],[0.1070613047711564,-0.3476309625699938],[0.10705783716104784,-0.1542621444025699],[0.10705630631787316,-0.07906316294665927],[0.10705543155036142,-0.03609231721785973],[0.10705411939899671,0.02836395614371112],[0.10705302593959731,0.0820775137815477],[0.10705149509626731,0.15727650286685282],[0.10704755864252269,0.35064530578542785],[0.10704646518304563,0.4043588672379616],[-0.12400210430770868,0.3893276941309219],[-0.2638611159100586,0.38023370506293735],[-0.26386090982351973,0.3701102005296563],[-0.2638574346893456,0.1878871952295102],[-0.2638553738250436,0.08665220330245982]],"resolution":null},"type":"ramp"},{"normal":[-0.0001745709894120501,0.9603971079941616,-0.27863482280831414],"root":[21.283381106864127,176.34451384771438,3137.3954089936756],"cov":[[0.001152283874955195,0.0000017386667717763254,7.138801630119523e-7],[0.0000017386667717763254,0.0004550914746510547,0.0001320335461927698],[7.138801630119523e-7,0.0001320335461927698,0.00003830639198032017]],"n":84,"id":"h","colors":{"mean":[196.00000351667404,196.00000351667404,98.00000175833702],"cov":[[0.001176470582756926,-5.478368085973403e-12,-2.7391840429867015e-12],[-5.478368085973403e-12,0.001176470582756926,-2.7391840429867015e-12],[-2.7391840429867015e-12,-2.7391840429867015e-12,0.001176470586865702]]},"roughness":0.015731074150518824,"rot":[[0.9603971242904663,-0.000024812094125081785,0.27863481640815735,0],[-0.000024812094125081785,1,0.00017457098874729127,0],[-0.27863481640815735,-0.00017457098874729127,0.9603971242904663,0],[0,0,0,1]],"poly":{"xy":[[-313.4039539155506,-100.84561407805553],[-313.4039539155506,-220.3687540316688],[-313.4039539155506,-379.7329660678016],[-268.4791492280506,-415.1392160678016],[-128.84780157180057,-417.84789526702036],[57.088233584449426,-432.165430667411],[57.088233584449426,-175.29896033049693],[57.088477725074426,-72.55237066985241],[57.088477725074426,-38.30351126433483],[57.088477725074426,-12.616863849173697],[57.088477725074426,13.069783565987436],[57.088477725074426,38.756429073799936],[57.088477725074426,73.00529229401478],[57.088477725074426,167.18965661286245],[57.088477725074426,381.2450612759484],[-116.87294805617557,368.14212548493276],[-222.78310430617557,360.16846215485464],[-222.78310430617557,303.3737539029015],[-222.78310430617557,157.33028161286245],[-222.78334844680057,68.08147942780384]],"rhoDist":[341.54194952160265,393.7595306705227,500.6849910371664,500.4936444176312,438.86022876002573,436.2313960507035,185.09946741691016,93.78938389025829,70.71013756179302,60.762418607401365,60.85908082627111,70.95907981446435,94.14385594116042,177.44329120626952,385.8530226263441,387.72599545696465,428.39353665568643,381.88530578464434,280.27892080476045,241.74429953128444]},"features":[6.406538227096571,60.762418607401365,0.015731074150518824],"projected":{"root":[3.1373954089936755,0.021283381106864126],"xy":[[-0.30377610188365883,-0.10083958201200516],[-0.30377313626431285,-0.22036272010759117],[-0.30376918210455384,-0.37972692966635396],[-0.2606226504039131,-0.4151342937944146],[-0.1265210385509051,-0.4178464374976053],[0.05205175002352589,-0.43216858613774867],[0.052045376628599496,-0.17530211979390994],[0.052043061742545076,-0.07255553173655324],[0.05204221195663692,-0.03830667286344565],[0.052041574617134816,-0.012620025847592059],[0.05204093727763271,0.013066621168261532],[0.05204029993817793,0.03875326627676652],[0.05203945015217512,0.07300212896457131],[0.052037113240904036,0.1671864918192915],[0.052031802078149864,0.3812418931548144],[-0.11503992573772191,0.3681432739146823],[-0.21675553731055905,0.3601722385612764],[-0.2167541281149371,0.30337753119221605],[-0.21675050447062066,0.15733406117247173],[-0.2167485244929336,0.06808526038087331]],"resolution":null},"type":"ramp"},{"normal":[-0.0001347905596862044,0.960400770188447,-0.27862222175006535],"root":[-1038.6229780330214,165.2959458107172,3100.060237440952],"cov":[[0.0011975973995266118,0.000023643861816351092,0.0000070274101638422425],[0.000023643861816351092,0.0004401506864276758,0.0001276955963942],[0.0000070274101638422425,0.0001276955963942,0.00003704688550921536]],"n":86,"id":"h","colors":{"mean":[196.00000351667404,196.00000351667404,98.00000175833702],"cov":[[0.0011494252766514647,-5.352428589744129e-12,-2.6762142948720647e-12],[-5.352428589744129e-12,0.0011494252766514647,-2.6762142948720647e-12],[-2.6762142948720647e-12,-2.6762142948720647e-12,0.0011494252846801075]]},"roughness":0.01573107459825478,"rot":[[0.9604007601737976,-0.000019157127098878846,0.27862221002578735,0],[-0.000019157127098878846,1,0.0001347905636066571,0],[-0.27862221002578735,-0.0001347905636066571,0.9604007601737976,0],[0,0,0,1]],"poly":{"xy":[[-275.9291339253268,-84.83271044354115],[-275.9291339253268,-196.39337938885365],[-275.9291339253268,-379.67169970135365],[-253.56634095657682,-426.08112352947865],[-30.865413222201823,-449.61212938885365],[94.53693052779818,-468.27826708416615],[94.53693052779818,-288.46503466229115],[94.53693052779818,-125.77704638104115],[94.48028990279818,-65.81903856854115],[94.48028990279818,-23.007148920103646],[94.48028990279818,28.367118658021354],[94.48028990279818,62.616630376771354],[94.48028990279818,122.55327588458385],[94.48053404342318,285.23833447833385],[94.48053404342318,413.6739423884901],[-115.24554017532682,372.4178388728651],[-275.9288897847018,393.2845380916151],[-275.9288897847018,377.34734326739635],[-275.9288897847018,194.06902295489635],[-275.9288897847018,82.50835400958385]],"rhoDist":[299.56736002596415,348.01858308614504,476.13168709331256,501.2597423376915,450.7606732631422,478.5070750604376,304.7916865515244,159.7092289428969,118.36481471203197,101.0334043100688,102.38904990843922,116.6187602111954,157.15874303207926,301.7313355256382,425.21527958660545,391.2649860733313,487.0376147471233,474.26183973988867,346.69909789753285,298.91080192824415]},"features":[6.7705902789391095,101.0334043100688,0.01573107459825478],"projected":{"root":[3.100060237440952,-1.0386229780330214],"xy":[[-0.2677871523631058,-0.08482877155365351],[-0.26778501518127745,-0.19638943946505016],[-0.2677815040953418,-0.37966775807897335],[-0.2463033712261417,-0.42607760988383764],[-0.03242077585797883,-0.4496128818349395],[0.08801609041471246,-0.4682814217058003],[0.08801264570990326,-0.28846819095038845],[0.08800952907555946,-0.12578020417688932],[0.08795398275203048,-0.06582219583499326],[0.08795316259925208,-0.02301030658332542],[0.08795217841591803,0.028363960518675964],[0.08795152229369531,0.06261347192001021],[0.08795037407980554,0.12255011687234516],[0.0879474919744327,0.28523517395369447],[0.08794503151726679,0.4136707806735422],[-0.1134752632863211,0.37241869528916666],[-0.26779607724278975,0.3932884725457569],[-0.2677957719319351,0.37735127786924],[-0.26779226084599944,0.19407295925531676],[-0.2677901236641711,0.08251229134392012]],"resolution":null},"type":"ramp"},{"normal":[-0.0001433454186417519,0.9997588984754219,-0.021957330696195047],"root":[-995.2584342956543,168.03418350219727,4284.686935424805],"cov":[[0.001095169933867824,0.0000387968387766882,0.0000010091059086138766],[0.0000387968387766882,0.0007277780529384816,0.000015989479818861142],[0.0000010091059086138766,0.000015989479818861142,3.513156499318553e-7]],"n":32,"id":"h","colors":{"mean":[92.81250206753612,93.62500201910734,187.15625404380262],"cov":[[2.090151266345514,0.41666661699436547,0.149621194281446],[0.41666661699436547,3.563635939177281,3.4204541377010615],[0.149621194281446,3.4204541377010615,5.100567574137258]]},"roughness":0.006964293162687651,"rot":[[0.9997588992118835,-0.0000015739311720608384,0.021957330405712128,0],[-0.0000015739311720608384,1,0.00014334541629068553,0],[-0.021957330405712128,-0.00014334541629068553,0.9997588992118835,0],[0,0,0,1]],"poly":{"xy":[[-32.71379089355469,-2.644763946533203],[-32.71379089355469,-13.492725372314453],[-32.71379089355469,-35.1885871887207],[-32.71379089355469,-100.2762336730957],[-32.61711120605469,-393.2031135559082],[1.1109161376953125,-456.7802619934082],[104.65730285644531,-318.4153938293457],[104.55476379394531,-140.2484016418457],[104.55476379394531,-73.4476203918457],[104.45222473144531,-28.889148712158203],[104.45222473144531,15.643688201904297],[104.45222473144531,71.3097038269043],[104.34968566894531,138.12946701049805],[104.34968566894531,138.12946701049805],[104.34968566894531,360.78815841674805],[-32.90763854980469,377.0621452331543],[-32.81047058105469,95.00776290893555],[-32.71379089355469,40.74702072143555],[-32.71379089355469,19.051097869873047],[-32.71379089355469,8.203197479248047]],"rhoDist":[32.82839669588482,35.3944166684715,48.05155831270662,105.48010336243205,394.5544420484556,456.7816238727722,335.1810287984687,174.94672782881113,127.79412907072444,108.39784927413326,105.64215562796569,126.4936782556611,173.13026798625518,173.13026798625518,375.5829945617686,378.4958998509775,100.51597524970651,52.25915842465602,37.86355395090179,33.73424175787275]},"features":[6.949494110908247,32.82839669588482,0.006964293162687651],"projected":{"root":[4.284686935424805,-0.9952584342956543],"xy":[[-0.03292547302912171,-0.002646145884290651],[-0.032925455955177645,-0.013494107198606999],[-0.03292542180738558,-0.035189968792084074],[-0.03292531936391331,-0.10027761460767091],[-0.032828201938308106,-0.3932044916327703],[0.0008917939392426809,-0.4567816925025946],[0.10441299875347756,-0.31841698873513824],[0.10431020398967487,-0.14024999821694906],[0.10431009884984649,-0.07344921765334],[0.10420751437665197,-0.02889074627010999],[0.10420744428503415,0.015642090186369],[0.10420735667055987,0.07130810523938992],[0.10410473715962593,0.13812786789778717],[0.10410473715962593,0.13812786789778717],[0.1041043867101826,0.360786557016176],[-0.03311987158291855,0.3770607596989378],[-0.03302228310634593,0.09500638011994668],[-0.03292554132480191,0.04074563833781912],[-0.03292550717691378,0.01904971570918643],[-0.03292549010306577,0.0082018154300257]],"resolution":null},"type":"step"},{"normal":[-0.0003071095585723623,0.9997646243701979,-0.021693352475729857],"root":[1089.575760551121,87.9109701073688,4094.6683243461275],"cov":[[0.0012245053027166702,0.00004182171695141133,0.0000012836126610925328],[0.00004182171695141133,0.0011314266626446972,0.000024563062788595536],[0.0000012836126610925328,0.000024563062788595536,5.334603742058646e-7]],"n":46,"id":"h","colors":{"mean":[164.63044016905454,153.7608755995398,126.02174285313357],"cov":[[23.676962950160885,25.72201358493259,33.19936274386635],[25.72201358493259,54.56317573447236,60.15403745812612],[33.19936274386635,60.15403745812612,76.53362312926119]]},"roughness":0.318207982758938,"rot":[[0.9997646808624268,-0.0000033315100154140964,0.021693352609872818,0],[-0.0000033315100154140964,0.9999999403953552,0.0003071095561608672,0],[-0.021693352609872818,-0.0003071095561608672,0.999764621257782,0],[0,0,0,1]],"poly":{"xy":[[-457.8050430961275,-148.1579138714335],[-406.7361954398775,-294.81532353940224],[-354.6136368461275,-355.46522588315224],[-190.92931067425252,-463.63490361752724],[-45.88048254925252,-498.03797978940224],[45.29847252887248,-498.16969365658974],[204.89710534137248,-457.744705863621],[374.5601912788725,-334.71119756283974],[445.5113631538725,-232.30580205502724],[481.6226912788725,-145.142166801121],[481.5103865913725,134.6245568316915],[445.1803084663725,230.9211876910665],[305.0806990913725,400.936446480129],[271.0987654976225,425.263106636379],[107.57386315387248,488.141524605129],[-134.32896887737752,487.821944527004],[-219.41392981487752,450.7178185504415],[-354.9239395805025,358.563643745754],[-406.9627579398775,293.719161323879],[-457.9525040336275,74.9875939410665]],"rhoDist":[481.28550265008,502.4239837383867,502.162345785846,501.4278030334417,500.148125365169,500.2256800729036,501.5293442665165,502.38587913864285,502.5320681523788,503.12531016599195,500.0859140121827,501.602721112743,503.85473078620487,504.3603858700465,499.8604044285698,505.9864547013762,501.3087518258008,504.57540233453994,501.9623413484892,464.156729044771]},"features":[12.372231827827852,464.156729044771,0.318207982758938],"projected":{"root":[4.094668324346127,1.089575760551121],"xy":[[-0.45791374847273913,-0.14815945279725248],[-0.40685643017944295,-0.29481702568469464],[-0.35474593545169864,-0.3554670988147982],[-0.19109976849286178,-0.46363731676346626],[-0.04608495987190232,-0.4980408745443909],[0.04507253864138862,-0.49817289216896954],[0.2046334786761832,-0.45774843798703835],[0.37425622817254695,-0.33471550072324396],[0.4451903620524987,-0.23231034641978854],[0.4812929017675167,-0.14514683558209282],[0.4811796914628609,0.13461987523003255],[0.44485784202622825,0.23091662258172266],[0.30479063566986536,0.40093234009549183],[0.2708166179479111,0.4252591123155593],[0.10732998818852052,0.4881380721035833],[-0.13451591615563543,0.48781929794224194],[-0.2195807305670211,0.45071545717704764],[-0.3550585439573477,0.3585617381716478],[-0.4070849000713763,0.29371743217592333],[-0.4580619181199803,0.07498604498214932]],"resolution":null},"type":"reactive"},{"normal":[0.00010392862341334829,0.9999557729434734,0.00940432644381773],"root":[1064.342402032081,112.47020104590882,3372.522408992686],"cov":[[0.0010325810541038447,0.00036391760271543903,-0.0000035298707778976364],[0.00036391760271543903,0.0012903543221203888,-0.000012173273116935569],[-0.0000035298707778976364,-0.000012173273116935569,0.00003522927074328774]],"n":47,"id":"h","colors":{"mean":[91.8085126848297,91.65957628095404,89.12766145740417],"cov":[[660.4036815423343,645.2278354748063,582.148930036897],[645.2278354748063,636.6802709052746,573.3133775371958],[582.148930036897,573.3133775371958,549.8194479246721]]},"roughness":12.335197612428624,"rot":[[0.9999557733535767,-4.887001523457002e-7,-0.009404326789081097,0],[-4.887001523457002e-7,1,-0.0001039286216837354,0],[0.009404326789081097,0.0001039286216837354,0.9999557733535767,0],[0,0,0,1]],"poly":{"xy":[[-345.411325008311,-107.4619699031748],[-352.154733211436,-252.0176339656748],[-346.150582820811,-258.7335763484873],[-205.642770320811,-285.4790597469248],[-77.410836727061,-310.9713693172373],[96.998831241689,-307.56017546958105],[102.952932804189,-283.6421456844248],[192.537649601064,-229.09386687583105],[193.887991397939,-75.1462960750498],[165.091848819814,-53.328241875831054],[195.590383976064,39.521245428856446],[193.463186710439,133.93469757729395],[194.810110538564,248.55627960854395],[164.303762882314,291.20483917885645],[11.262747257314004,290.20789093666895],[11.262747257314004,290.20789093666895],[-146.089791805186,285.41846222573145],[-322.858834773936,261.18872589760645],[-342.451364070811,237.95532746010645],[-344.566354305186,111.08679718666895]],"rhoDist":[362.505966467261,433.53605702061316,432.78530730781057,351.8494786316175,321.63019500703217,323.8895203825391,301.78244317319195,299.2570732924944,208.15916126808796,173.70183081365175,199.7993625179689,235.48633343252618,315.9546609783832,335.4320934515074,291.5251144653455,291.5251144653455,321.7667240252844,415.997510518678,417.74100653845795,362.81580113226846]},"features":[9.89080653736333,173.70183081365175,12.335197612428624],"projected":{"root":[3.372522408992686,1.064342402032081],"xy":[[-0.34530195456645774,-0.10746076123400199],[-0.35204499392053024,-0.25201642122029577],[-0.34604110576129526,-0.2587323665010667],[-0.20553949367889876,-0.28547791842125003],[-0.07731321825548654,-0.3109702905208524],[0.09708873536190256,-0.3075591819256512],[0.10304256193542757,-0.28364115517943944],[0.19262329049003651,-0.22909292044550966],[0.1939734973383592,-0.07514535113606513],[0.16517861751085394,-0.05332728298199969],[0.19567575859581993,0.03952218891659677],[0.19354860925851136,0.1339356415946973],[0.1948954175078492,0.2485572223486688],[0.164390398050448,0.29120579659710616],[0.011356150639777256,0.2902089231514713],[0.011356150639777256,0.2902089231514713],[-0.14598942769230214,0.2854195713646108],[-0.3227506418001971,0.2611899215544024],[-0.34234229332881927,0.23795653281725118],[-0.3444571280341533,0.11108800426258841]],"resolution":null},"type":"preview"},{"normal":[-0.00021869434121580452,0.9997637401730244,-0.021735133034572286],"root":[1073.5048607052781,56.22663548987681,2636.4422213336616],"cov":[[0.0012108754178597981,0.000011865343122460768,5.228299367811944e-7],[0.000011865343122460768,0.0012679403226033067,0.000027567959676462076],[5.228299367811944e-7,0.000027567959676462076,5.994881985128271e-7]],"n":127,"id":"h","colors":{"mean":[157.76378532328943,145.14173865200965,115.85039457467597],"cov":[[28.11728872499516,26.90821762899941,31.566496227595053],[26.90821762899941,38.66835271318196,38.38041428020733],[31.566496227595053,38.38041428020733,49.83013661531477]]},"roughness":0.13936460506700837,"rot":[[0.9997637867927551,-0.0000023769559902575566,0.021735133603215218,0],[-0.0000023769559902575566,1,0.00021869434567634016,0],[-0.021735133603215218,-0.00021869434567634016,0.9997637271881104,0],[0,0,0,1]],"poly":{"xy":[[-480.24275844303656,-139.36246568574688],[-444.57601039616156,-229.37625963105938],[-332.64705531803656,-373.32138902559063],[-156.51668422428656,-474.9733055294969],[-142.17635219303656,-479.85337144746563],[7.744057963213436,-500.43076402559063],[258.15836460383844,-428.72702867402813],[330.81583530696344,-375.23142320527813],[406.16202671321344,-294.32663804902813],[406.10855991633844,-57.24124986543438],[406.05509311946344,61.28774183378437],[425.32315952571344,270.84096449003437],[312.17252476008844,390.82350843534687],[205.16251499446344,456.07399671659687],[120.26749546321344,485.50551527128437],[-142.43953578678656,479.87636488065937],[-253.82210414616156,430.76222913847187],[-395.93514125553656,306.90627210722187],[-432.65022914616156,251.06899183378437],[-480.33040492741156,138.80324476347187]],"rhoDist":[500.1649140906917,500.35587107899306,500.07659616684555,500.10949158289446,500.4835028130429,500.4906807361432,500.48269634455534,500.28799221390017,501.6698807199776,410.21778790707526,410.7499797312503,504.3229494272437,500.24233145905976,500.11615357704363,500.18740947327973,500.57865850195975,500.0106440789593,501.02727101456634,500.3085605899743,500.09158418806777]},"features":[18.780727005403865,410.21778790707526,0.13936460506700837],"projected":{"root":[2.6364422213336614,1.0735048607052782],"xy":[[-0.48034632792959836,-0.1393635077801568],[-0.44468779169058864,-0.22937738435095442],[-0.3327849360998307,-0.373322776353043],[-0.15669593170252835,-0.47497510907995627],[-0.14235897577297082,-0.47985520896755074],[0.007526066710235518,-0.5004329574077699],[0.25788104606248796,-0.4287298189949161],[0.3305212253051584,-0.3752343875092075],[0.40584942492815385,-0.2943297833824999],[0.40579540722049906,-0.05724440074205463],[0.4057416713161928,0.061284588249461695],[0.4250046878144223,0.2708377600945984],[0.31188049809879115,0.3908205701244468],[0.20489561284271482,0.4560713112032323],[0.12002057860627714,0.48550303084575647],[-0.1426243784287462,0.47987450503283846],[-0.2539805174835222,0.43076063521675995],[-0.39605968799000424,0.3069050189441516],[-0.4327659697356474,0.25106782727629445],[-0.4804346148964057,0.1388021962246623]],"resolution":null},"type":"reactive"},{"normal":[-0.0003209753916100856,0.9997655301383935,-0.021651367668001898],"root":[1095.0208113386825,39.76397132137107,1877.3829067627896],"cov":[[0.0012033378609713854,-2.9155811199187476e-7,3.800183121262608e-7],[-2.9155811199187476e-7,0.0013339618042004537,0.000028888777442484927],[3.800183121262608e-7,0.000028888777442484927,6.257749886035243e-7]],"n":259,"id":"h","colors":{"mean":[161.82239937621193,147.2857202071711,116.82239574987916],"cov":[[87.31510542135901,100.25824047459218,103.73396197643775],[100.25824047459218,126.4498464472427,128.3082556746327],[103.73396197643775,128.3082556746327,142.276674499708]]},"roughness":0.11381224264043661,"rot":[[0.9997655749320984,-0.000003475185621937271,0.021651368588209152,0],[-0.000003475185621937271,0.9999999403953552,0.000320975377690047,0],[-0.021651368588209152,-0.000320975377690047,0.9997655153274536,0],[0,0,0,1]],"poly":{"xy":[[-321.9952114502896,-57.632749815245006],[-298.5506313721646,-216.3328230574325],[-375.0130337159146,-331.58807208087],[-282.6654995362271,-412.85461260821376],[-76.19711574716462,-494.53967120196376],[59.97305026846038,-496.49206378008876],[187.54775729971038,-464.31805254962],[350.9581576903354,-356.49413897540126],[439.3128940184604,-239.05114581133876],[478.6539584715854,-144.50951983477626],[491.9281283934604,92.4364640519425],[439.1805697997104,240.976625184755],[388.0785190184604,316.4808976456925],[278.6412631590854,415.3002335831925],[122.21230808096038,485.978090028505],[-0.13217434091461655,446.28155682538],[-130.93490871591462,376.90558026288],[-322.0285366456021,275.54864666913],[-298.6020229737271,212.05499432538],[-322.0119350831021,60.590760926942494]],"rhoDist":[327.18744680806935,368.74821194147415,500.6527256600134,500.3877685418152,500.3786283955042,500.1024067421684,500.7801039325688,500.3158511560535,500.23049868766765,500.0992826937972,500.6514593315286,501.0402811354957,500.83684827341216,500.1532867193213,501.11698153663775,446.281587211477,399.0105251838298,423.8838587573076,366.294928148966,327.7371735008647]},"features":[26.142262542278413,327.18744680806935,0.11381224264043661],"projected":{"root":[1.8773829067627896,1.0950208113386826],"xy":[[-0.3221360432585608,-0.057634837606903445],[-0.2986964075078525,-0.2163349841473441],[-0.37514048512857334,-0.33158996151195425],[-0.2828143164885201,-0.41285681877736996],[-0.07639404880512739,-0.4945425906787547],[0.05974420321074526,-0.49649545637288445],[0.1872888925799107,-0.46432189014575176],[0.3506606118671494,-0.356498550007932],[0.4389942280882017,-0.23905586994347328],[0.4783257417244974,-0.14451438555506443],[0.49159597650620257,0.09243153999431612],[0.43886026670311634,0.2409718767820933],[0.3877699327885782,0.3164763229422603],[0.27835798761385494,0.4152960341034894],[0.12196545673350791,0.4859744305272147],[-0.00035020794470931366,0.44627832453897504],[-0.13112203866507247,0.3769028061143997],[-0.32217051850900125,0.2755465418282301],[-0.29874927578942134,0.21205281134410564],[-0.32215317381967984,0.060588667102687184]],"resolution":null},"type":"reactive"},{"normal":[0.018243833637089733,0.9996515559637972,0.019076928300471387],"root":[1025.2146736551601,61.71742765133658,1273.42676814447],"cov":[[0.0013304438172997862,0.00008133597705187843,-0.00002583303763668088],[0.00008133597705187843,0.0012614389257755462,-0.00002555716521829096],[-0.00002583303763668088,-0.00002555716521829096,0.000033282094646340946]],"n":319,"id":"h","colors":{"mean":[86.40439090812374,85.83072299844233,83.15360693827411],"cov":[[1138.1967391512003,1087.8683052764086,1024.4256343496759],[1087.8683052764086,1067.3593101813556,999.3509752886487],[1024.4256343496759,999.3509752886487,952.6737145915085]]},"roughness":11.620876007183856,"rot":[[0.9998180270195007,-0.0001740484731271863,-0.01907692849636078,0],[-0.0001740484731271863,0.9998335242271423,-0.018243834376335144,0],[0.01907692849636078,0.018243834376335144,0.9996515512466431,0],[0,0,0,1]],"poly":{"xy":[[-282.6748150194701,-89.65467609656639],[-286.0471294725951,-206.7530647684414],[-284.29255183587634,-218.2695442606289],[-196.3271587694701,-271.37946857703514],[-47.62964900384509,-273.14265217078514],[2.1365863477174116,-266.18159260047264],[173.0407611524049,-269.63752521766014],[266.6136371289674,-207.67841877234764],[313.2978412305299,-181.94685138953514],[321.2383929883424,-37.53004230750389],[305.3712054883424,54.10685954796486],[297.5093890820924,148.17094646202736],[337.2468158399049,286.86918864952736],[215.7801410352174,298.28117595421486],[70.24449650396741,216.20842204796486],[-2.0588482225950884,175.22954021202736],[-90.19520076165759,125.56230388390236],[-134.2107036913451,111.68095622765236],[-212.7633159960326,70.04912029015236],[-285.9052837694701,5.266161305777359]],"rhoDist":[297.060740428877,353.4798701610088,358.510237030452,335.1817799342343,277.431421140494,267.2878151135191,321.4774683721747,339.2275284111255,363.40417268086304,324.6438633265389,311.4290949070695,333.5925359118046,443.6175766493308,368.16832731171,227.4437290534983,175.4197887793418,155.0975336112266,174.8535678554131,224.27788334074083,286.6264407695325]},"features":[17.19688455814237,155.0975336112266,11.620876007183856],"projected":{"root":[1.27342676814447,1.0252146736551602],"xy":[[-0.28241699570501205,-0.08940811582190798],[-0.2857683156132567,-0.20648642678640533],[-0.2840120528774771,-0.21800129476826763],[-0.19605342548613106,-0.27111768930085856],[-0.047382671238347225,-0.27290645999168617],[0.002373295280483838,-0.26595522081137823],[0.17324696765674696,-0.2694403238076193],[0.26679202982762185,-0.2075078165315119],[0.31346325903646854,-0.1817886574243105],[0.3213772301176493,-0.03739726823351087],[0.305496981124006,0.054227142527305316],[0.29762022382829684,0.14827694102462755],[0.3373262783035884,0.2869451809657431],[0.21587972374582906,0.29837640986068625],[0.07038485080180393,0.21634264703532388],[-0.0018982026712792849,0.17538317032829048],[-0.09000987021309229,0.12573954099685059],[-0.13401494645650092,0.1118681646906451],[-0.2125460165184379,0.07025693024027756],[-0.2856633973487461,0.00549748448051778]],"resolution":null},"type":"preview"},{"normal":[-0.0003131100799500768,0.9997660154713195,-0.021629060790503904],"root":[0.5080375110657961,125.91593512002524,2329.927410967938],"cov":[[0.0011354004590596238,-0.000020895738057564106,-9.647243325481312e-8],[-0.000020895738057564106,0.001188812977305446,0.000025712381787999524],[-9.647243325481312e-8,0.000025712381787999524,5.56262860730352e-7]],"n":154,"id":"h","colors":{"mean":[93.10389815406366,93.19480723955415,186.83766640045425],"cov":[[0.8544364294286576,0.12182654600981022,0.19095096172945153],[0.12182654600981022,1.666166537940923,-0.271805581345313],[0.19095096172945153,-0.271805581345313,1.774461455897939]]},"roughness":0.006842679968420086,"rot":[[0.9997660517692566,-0.000003386534672245034,0.021629061549901962,0],[-0.000003386534672245034,0.9999999403953552,0.00031311006750911474,0],[-0.021629061549901962,-0.00031311006750911474,0.9997659921646118,0],[0,0,0,1]],"poly":{"xy":[[-103.34879768668816,-33.56616205330212],[-115.80045784293816,-66.47998422737439],[-140.41447151481316,-184.00283426399548],[-140.32609260856316,-426.64783853645645],[-103.22770393668816,-444.93397134895645],[27.019854657061842,-449.27686685676895],[54.26106559456184,-160.5307425891908],[54.22688590706184,-70.01759714241345],[54.22688590706184,-35.205772343829466],[54.22688590706184,-14.31867879982312],[54.19295036018684,13.530570086285278],[54.19295036018684,34.41735463981311],[54.19295036018684,69.2286568248717],[54.15852653206184,159.73563009147327],[54.09041129768684,438.2086983287779],[-115.92008674918816,435.7536202037779],[-140.56120003043816,425.8131294811217],[-140.50260628043816,189.76572042350452],[-115.83024299918816,59.083778437420534],[-103.34879768668816,26.144823130413695]],"rhoDist":[108.68624632659868,133.55041613641276,231.47960203577193,449.1434831912716,456.75795368585875,450.08884400282255,169.4568883892002,88.56830172762777,64.6632668486867,56.09744359098397,55.86901695999553,64.20928361928898,87.92551726929051,168.67159343756336,441.536313342993,450.9150390369601,448.422540050338,236.13748938134322,130.0528396460164,106.6279808035722]},"features":[8.93971431922116,55.86901695999553,0.006842679968420086],"projected":{"root":[2.329927410967938,0.000508037511065796],"xy":[[-0.1035407976685485,-0.03356894151424371],[-0.11598943347560431,-0.06648271990674692],[-0.1405972910605792,-0.18400548082563514],[-0.14050811110357245,-0.4266504735017965],[-0.10341833913532555,-0.444936731052804],[0.026798764637528324,-0.44928006743558085],[0.0540326250398564,-0.16053404957699943],[0.05399814682229322,-0.07002090845185091],[0.05399802893084144,-0.03520908535990609],[0.05399795819597489,-0.014321992839883176],[0.053963936275382124,0.013527254795848142],[0.05396386554156199,0.034414038325407695],[0.053963747651880056,0.06922533880385275],[0.05392902537170734,0.1597323077499549],[0.05385998301320236,0.4382053625658764],[-0.11611073522792222,0.43575086030768256],[-0.1407460504141015,0.4258104535203405],[-0.14068667098852425,0.18976305583644618],[-0.11601963689008497,0.05908103670319104],[-0.1035409998818703,0.02614204074215915]],"resolution":null},"type":"step"},{"normal":[0.021139410946790515,0.9993937050307223,-0.027664917310339633],"root":[-1080.685984383642,80.58485979738488,2272.283051887445],"cov":[[0.0009275799091292906,0.000344901662743174,-0.000010072924068270624],[0.000344901662743174,0.0012079782552732903,0.000026143451202808423],[-0.000010072924068270624,0.000026143451202808423,0.000024853219673036273]],"n":113,"id":"h","colors":{"mean":[104.52212664208054,103.56637431852586,100.734515811226],"cov":[[629.4938665303974,555.2069191218255,528.5497147554344],[555.2069191218255,542.2092635990643,507.4736335392012],[528.5497147554344,507.4736335392012,497.26436641136013]]},"roughness":12.170676952099022,"rot":[[0.9996172189712524,0.0002924987056758255,0.027664916589856148,0],[0.0002924987056758255,0.9997764825820923,-0.021139411255717278,0],[-0.027664916589856148,0.021139411255717278,0.9993937015533447,0],[0,0,0,1]],"poly":{"xy":[[-266.0564893874448,-190.5477802647954],[-266.0564893874448,-190.5477802647954],[-268.2530225905698,-224.8676044835454],[-191.7818311843198,-277.1959736241704],[-39.1058057936948,-277.0012714757329],[0.7672410813052011,-254.8678486241704],[174.6119676438052,-247.3159687413579],[252.2142625656802,-190.5659687413579],[274.1256395188052,-175.0006611241704],[273.9313035813052,-71.48943065542039],[277.4691453781802,74.78376270395461],[277.0797410813052,178.4888408289546],[310.7897020188052,397.16749073129836],[280.8106981125552,410.29261280161086],[31.8727098313052,352.90845752817336],[-80.0862745436948,377.36426807504836],[-261.5732130202573,360.1066386805171],[-314.1534132155698,378.7863261805171],[-489.2591261061948,168.4573466883296],[-364.8982862624448,54.81281543832961]],"rhoDist":[328.4534080736028,328.4534080736028,350.0643478797572,337.08141027652806,279.7530532302471,255.39841420821102,303.466588621339,316.7366763433417,325.2240624067421,283.10754170881114,287.37181256684346,329.59357958134495,504.98459227182366,497.9016308187151,355.7958380807976,387.3098503189748,446.739413711205,493.7000466535634,519.2700765371883,371.2401140297701]},"features":[13.401148917405672,255.39841420821102,12.170676952099022],"projected":{"root":[2.272283051887445,-1.080685984383642],"xy":[[-0.26628702981011126,-0.19037161893093252],[-0.26628702981011126,-0.19037161893093252],[-0.26849276070648936,-0.22468441497695174],[-0.1920661476772531,-0.27697872073613006],[-0.03944850817190756,-0.27673940456594914],[0.0004157497021649848,-0.2545992658330292],[0.1741961391799956,-0.24699822447770312],[0.25178532803086406,-0.19023820982203662],[0.273692870363141,-0.17466997208129137],[0.27352888571562567,-0.07118193374373614],[0.2771081579811443,0.07505960162466956],[0.27674923634463244,0.17874138723529337],[0.3105102566710914,0.39738102146324383],[0.2805465675048686,0.4104944411821867],[0.03168708537225168,0.35305029752276607],[-0.08022188894529844,0.37746789421401866],[-0.26164440389500876,0.3601610372944782],[-0.3141990131382226,0.3788211701489009],[-0.48929921828904244,0.16848798206379317],[-0.36501922339204007,0.05490522633016641]],"resolution":null},"type":"preview"},{"normal":[-0.00026891451983130114,0.9997639215584528,-0.02172622459252087],"root":[-1015.7452341884474,33.98399133777301,1639.6826962695961],"cov":[[0.001182933487861916,0.000009810568426095553,5.313800512607703e-7],[0.000009810568426095553,0.0011050772731268982,0.00002401746523810642],[5.313800512607703e-7,0.00002401746523810642,5.220963691489406e-7]],"n":301,"id":"h","colors":{"mean":[158.57807883689568,144.37209938996259,114.96345662892459],"cov":[[57.91891787167058,57.83859279852311,64.27271166805252],[57.83859279852311,69.3126683020298,73.20561089613999],[64.27271166805252,73.20561089613999,89.02881504512293]]},"roughness":0.1538692111673579,"rot":[[0.9997639656066895,-0.0000029215934773674235,0.021726224571466446,0],[-0.0000029215934773674235,0.9999999403953552,0.00026891453308053315,0],[-0.021726224571466446,-0.00026891453308053315,0.9997639060020447,0],[0,0,0,1]],"poly":{"xy":[[-180.78950779303364,-55.1942189365526],[-180.77437107428364,-127.6463673740526],[-180.75935642584614,-246.6693165928026],[-114.50142185553364,-344.0499318271776],[-4.127032207096136,-402.8287404209276],[143.42570216790386,-481.4025929599901],[161.86759669915386,-473.5623829990526],[381.91251857415386,-322.8815968662401],[360.47636134759136,-256.7642872959276],[381.86027248040386,-88.0937550693651],[381.80778224602886,121.3035837978224],[425.51871974602886,262.9357859462599],[381.78178126946636,324.33550518454115],[189.82352931634136,462.98540752829115],[29.032025410091364,499.70208233297865],[-107.06038181647114,488.45598858297865],[-257.29622166022114,429.12163799704115],[-180.83442966803364,244.9374949306349],[-180.81953708990864,131.09820049704115],[-180.80452244147114,58.6497752040724]],"rhoDist":[189.0681895446662,221.33390511216786,305.8360301023607,362.6122033581711,402.84993212222247,502.3229237138888,500.4737104901443,500.17680066693805,442.64124908483274,391.97709820425484,400.70075488205663,500.2880812746828,501.01994031813337,500.4064125081161,500.54532943295015,500.05590211539976,500.3764457412728,304.48370346392636,223.3775714233315,190.11933564432246]},"features":[30.41843672021883,189.0681895446662,0.1538692111673579],"projected":{"root":[1.639682696269596,-1.0157452341884474],"xy":[[-0.18096393481631026,-0.05519637789238084],[-0.18094858999474067,-0.12764852375410565],[-0.18093323115372145,-0.24667146871264084],[-0.11469065175076629,-0.3440522740043099],[-0.004342143397105044,-0.4028314029416119],[0.14317599185494287,-0.48140568372841225],[0.16161351041345803,-0.47356552793070966],[0.38160605215544324,-0.3228853901285935],[0.36017476160040085,-0.2567680203214632],[0.3815531324393503,-0.08809755666942261],[0.38150004282098793,0.12129977477893986],[0.4252002488999298,0.2629318441001146],[0.38147345480501554,0.3243316888996276],[0.18956010803665,0.46298214705352975],[0.028806450452351525,0.49969929029788795],[-0.10725380035563561,0.4884535945612576],[-0.2574540048383935,0.42911968504900744],[-0.18100972295070977,0.24493532525275358],[-0.18099450129572137,0.13109603489228114],[-0.18097927852652804,0.05864761217530958]],"resolution":null},"type":"reactive"},{"normal":[-0.0002687415594894464,0.9997623305230466,-0.02179931753750288],"root":[-925.4072424847146,101.89196272863857,1235.0876725791159],"cov":[[0.0012017290280578556,-0.00000366623004667658,2.4309099544070653e-7],[-0.00000366623004667658,0.001291159039967981,0.000028152091528167848],[2.4309099544070653e-7,0.000028152091528167848,6.139205270511725e-7]],"n":552,"id":"h","colors":{"mean":[92.80797308229882,92.80797308229882,187.1467431748043],"cov":[[0.9326308608772553,0.9324500290508538,-0.5089432524877582],[0.9324500290508538,0.9326308608772553,-0.5089432524877582],[-0.5089432524877582,-0.5089432524877582,2.07814465360497]]},"roughness":0.006372327379798662,"rot":[[0.9997623562812805,-0.000002929539505203138,0.021799316629767418,0],[-0.000002929539505203138,0.9999999403953552,0.0002687415690161288,0],[-0.021799316629767418,-0.0002687415690161288,0.9997623562812805,0],[0,0,0,1]],"poly":{"xy":[[-57.71731125099086,-18.36613398012912],[-57.71731125099086,-40.62773065981662],[-57.70705734474086,-76.25584345278537],[-57.69680343849086,-174.21836786684787],[-5.761012422865861,-241.94847040591037],[93.06930984275914,-294.57871942934787],[125.79990066307164,-312.00547724184787],[125.78696120994664,-171.80503778872287],[125.77389968650914,-89.61552362856662],[132.42978347557164,-39.19523554262912],[139.11044753807164,16.38575810971463],[125.74789870994664,89.25990361752713],[132.39047683494664,178.98091191830838],[132.37717117088414,300.17970342221463],[99.45077956932164,309.01637334408963],[-46.42824875099086,312.35133428158963],[-57.73781906349086,177.55030889096463],[-57.72756515724086,75.14076299252713],[-57.72756515724086,39.52253789487088],[-57.71718918067836,17.25239629330838]],"rhoDist":[60.58216541231959,70.59394063807062,95.63840786146329,183.52840344571254,242.01712721658225,308.93733383014694,336.4224562734078,212.94727571736314,154.4582804906298,138.13806908233386,140.10505149206946,154.23193021426505,222.64325948814962,328.0859097771527,324.6331363613436,315.78441705891566,186.7062818467179,94.76359409327794,69.97176693546838,60.25364807008569]},"features":[10.811746551355466,60.25364807008569,0.006372327379798662],"projected":{"root":[1.2350876725791158,-0.9254072424847146],"xy":[[-0.05792153506335437,-0.018368651647286585],[-0.057921469847129196,-0.04063024752298974],[-0.0579111140035883,-0.07625835905927757],[-0.05790057554893092,-0.17422087996543284],[-0.0059769277919091155,-0.2419511322063495],[0.0928300632743926,-0.2945816688563551],[0.12555292726675382,-0.3120085219250387],[0.12553958016575956,-0.17180808749738866],[0.12552628096875362,-0.08961857626726753],[0.1321804353895547,-0.03919830950094806],[0.13885934907668324,0.016382662572802395],[0.12549976214827402,0.08925684459485654],[0.13214049893387297,0.1789778301956417],[0.132126841375042,0.30017661736139617],