[{"normal":[-0.00017373020100443104,0.9604778996795311,-0.2783561999399575],"root":[842.5123037732081,112.01281712026248,1034.5585172707254],"cov":[[0.001197766962901361,0.000004343162173936811,0.0000014753430705215985],[0.000004343162173936811,0.0003994517294211159,0.0001157659328097427],[0.0000014753430705215985,0.0001157659328097427,0.00003355041746865995]],"n":494,"id":"h","colors":{"mean":[196.00000351667404,196.00000351667404,98.00000175833702],"cov":[[0.00020202019449436305,-7.525838986791746e-12,-3.762919493395873e-12],[-7.525838986791746e-12,0.00020202019449436305,-3.762919493395873e-12],[-3.762919493395873e-12,-3.762919493395873e-12,0.0002020202001387423]]},"roughness":0.003674130785921929,"rot":[[0.960477888584137,-0.000024666882382007316,0.2783561944961548,0],[-0.000024666882382007316,1,0.0001737302081892267,0],[-0.2783561944961548,-0.0001737302081892267,0.960477888584137,0],[0,0,0,1]],"poly":{"xy":[[-237.2527921730691,-73.7295278943019],[-237.24723797385036,-171.21213287477065],[-237.24723797385036,-212.4574331677394],[-160.77470379416286,-222.8373159802394],[-63.69425945822536,-230.1590933239894],[71.36921710427464,-231.2025503552394],[151.34492511208714,-212.74081939820815],[207.39814776833714,-199.8026480114894],[207.39826983864964,-146.25253814820815],[207.39826983864964,-65.92734283570815],[207.39826983864964,63.485437926010604],[207.38740558083714,148.2636361681981],[207.38752765114964,282.13759857054185],[207.38752765114964,295.52504974241685],[75.66987628396214,241.67263275022935],[-4.0655973488503605,209.07668548460435],[-116.92692547385036,162.9391732775731],[-182.1296232277566,136.2836556994481],[-237.25273113791286,113.7475228869481],[-237.25273113791286,76.2521615588231]],"rhoDist":[257.78896157382155,300.5551925255201,325.82020254905103,278.71297153360246,239.52598280709606,242.84604243293353,264.7351052649317,294.1851240083808,260.79602549958435,225.77103705012223,225.07505403196842,261.93277900160575,355.2895430159527,366.01136760150797,254.1945359100841,209.1193035471543,203.3909317765253,233.51460414527915,271.94461995796644,258.51597456155986]},"features":[9.535192154462667,203.3909317765253,0.003674130785921929],"projected":{"root":[1.0345585172707255,0.8425123037732082],"xy":[[-0.230657810493853,-0.07372541177440592],[-0.23065007121617617,-0.17120801539110367],[-0.23064905382318815,-0.21245331504908785],[-0.15719861759443896,-0.22283508404082364],[-0.06395481421869406,-0.23015925594379427],[0.06577069789164916,-0.23120604455392565],[0.1425851437822743,-0.21274628663253423],[0.19642270706801856,-0.19980949810327614],[0.1964215033995743,-0.14625938906742694],[0.19641952202739632,-0.06593419499155895],[0.19641632981750157,0.06347858377780877],[0.19640380372392968,0.14825678098279627],[0.19640061871642953,0.2821307413210966],[0.19640028848974062,0.29551819228686754],[0.06988972169728634,0.24166902518762295],[-0.006693635734652459,0.20907504524940537],[-0.11509331079612514,0.16294031768982836],[-0.1777184044835248,0.1362864088693767],[-0.23066237634537107,0.11375163611906958],[-0.23066145145168795,0.07625627536819762]],"resolution":null},"type":"ramp"},{"normal":[-0.0003930389244890227,0.9702640271119264,0.2420486794282314],"root":[955.4506340026855,136.92012059688568,1457.2671852111816],"cov":[[0.001185396596119449,0.000004363695249149646,-6.084113733550641e-7],[0.000004363695249149646,0.0005551911641261132,-0.00013850000541075285],[-6.084113733550641e-7,-0.00013850000541075285,0.0000345509157442481]],"n":192,"id":"h","colors":{"mean":[167.00000524520874,167.00000524520874,84.00000259280205],"cov":[[0.0005181346908983789,-2.4127527839779235e-11,-1.2063763919889617e-11],[-2.4127527839779235e-11,0.0005181346908983789,-1.2063763919889617e-11],[-1.2063763919889617e-11,-1.2063763919889617e-11,0.0005181347102004012]]},"roughness":0.0031082184992299268,"rot":[[0.9702640771865845,0.000048285179218510166,-0.24204868078231812,0],[0.000048285179218510166,0.9999999403953552,0.0003930389357265085,0],[0.24204868078231812,-0.0003930389357265085,0.9702640175819397,0],[0,0,0,1]],"poly":{"xy":[[-164.78805923461914,-52.64130783081055],[-164.76474380493164,-116.4521598815918],[-164.71823501586914,-225.8441276550293],[-164.68332290649414,-335.2507438659668],[-92.79050064086914,-348.1451530456543],[69.93874740600586,-336.0557975769043],[212.05984115600586,-292.3563346862793],[250.77041244506836,-280.45478439331055],[250.73159408569336,-179.24250411987305],[250.69289779663086,-78.0351676940918],[250.61538314819336,79.37761306762695],[250.57668685913086,180.57133865356445],[250.49917221069336,343.58305740356445],[237.40139389038086,436.43132400512695],[126.50857162475586,397.51250076293945],[-4.910129547119141,311.65044021606445],[-93.02145767211914,254.08415603637695],[-164.86935806274414,207.14751052856445],[-164.84604263305664,115.99284744262695],[-164.82284927368164,52.1883430480957]],"rhoDist":[177.80502555748748,205.89882080647516,282.52162169350595,375.75309429669727,361.0325073721903,343.7064952096535,365.03784806048253,381.4022047372945,314.5083890911097,269.9112890930598,270.21126426987814,315.1100059189501,429.7537314008007,500.3199196867468,418.33847688784977,311.69203720409126,271.5788512974604,267.93656790990246,205.7270494331805,177.71505374441656]},"features":[8.056614980369819,177.71505374441656,0.0031082184992299268],"projected":{"root":[1.4572671852111816,0.9554506340026856],"xy":[[-0.1574699938939622,-0.05265319091374091],[-0.1574504528878908,-0.11646403683560877],[-0.15741060909009577,-0.2258559937864258],[-0.15738201784164715,-0.33526259973354194],[-0.08762761556182955,-0.34815353654439307],[0.07026331647260146,-0.33605632461252855],[0.20816042241152702,-0.29235000280563],[0.24572047490587373,-0.280446584298917],[0.24568769789827957,-0.1792343138354335],[0.24565503909241337,-0.07802698721332442],[0.2455874301157913,0.07938577746355302],[0.24555477065272321,0.18057949324688555],[0.2454874320218281,0.34359119547305655],[0.23278361105084333,0.43643882236622134],[0.12518640684460577,0.39751464769563255],[-0.0023285875612137678,0.311646248305214],[-0.08782262612874922,0.25407571416772795],[-0.1575363312789299,0.20713560315122548],[-0.15751811057368845,0.11598094833810736],[-0.1574986877015619,0.05217645006609767]],"resolution":null},"type":"ramp"},{"normal":[-0.00013725155105498454,0.9604292508139467,-0.27852403009968946],"root":[20.103744681660206,137.00372570407006,2061.7553821194556],"cov":[[0.0012193316394338558,-0.000021683188323849552,-0.000006113864018229386],[-0.000021683188323849552,0.00033008978679382057,0.00009572278393584914],[-0.000006113864018229386,0.00009572278393584914,0.000027758721847770164]],"n":155,"id":"h","colors":{"mean":[196.00000351667404,196.00000351667404,98.00000175833702],"cov":[[0.0006410256350556246,-5.970016503945375e-12,-2.9850082519726874e-12],[-5.970016503945375e-12,0.0006410256350556246,-2.9850082519726874e-12],[-2.9850082519726874e-12,-2.9850082519726874e-12,0.000641025639533137]]},"roughness":0.00666364829154906,"rot":[[0.9604292511940002,-0.000019499737391015515,0.2785240411758423,0],[-0.000019499737391015515,1,0.00013725155440624803,0],[-0.2785240411758423,-0.00013725155440624803,0.9604292511940002,0],[0,0,0,1]],"poly":{"xy":[[-199.1715198147681,-61.5789758523145],[-199.1715198147681,-138.8295976479688],[-199.1716418850806,-269.5614168008008],[-199.1491809475806,-447.83757036525395],[-141.1056018460181,-454.5403901894727],[135.7678112399194,-434.6768342812696],[178.6682018649194,-471.8199312050977],[169.9977917086694,-229.09289568263677],[169.9977917086694,-118.0112382729688],[169.9977917086694,-52.66908281642583],[169.9977917086694,51.878364388164016],[169.9977917086694,117.22051984470698],[169.9677624117944,228.29866010349605],[169.9680065524194,391.6517179648242],[118.79588741179441,386.4852140585742],[-126.35694461945559,410.2074430624804],[-199.1936145413306,401.91938764255855],[-199.1937366116431,271.1892240683398],[-199.1937366116431,140.45906049412105],[-199.1715198147681,63.21048719089839]],"rhoDist":[216.3302551731025,249.5631126374561,340.1083115726803,493.52270919816635,477.70289227152614,457.07656411095473,507.1595365197808,289.49643249530027,212.7271756291356,184.66498278989513,184.4450233659261,212.29737603266682,288.86461237331974,429.78593525738796,405.801244040241,430.7825224032829,452.2668335303323,341.3969866075149,250.47798407651163,216.79553990510988]},"features":[7.970671095539302,184.4450233659261,0.00666364829154906],"projected":{"root":[2.0617553821194554,0.020103744681660207],"xy":[[-0.19407419500018716,-0.06157646398381691],[-0.19407268863336566,-0.1388270850371612],[-0.19407025663715197,-0.2695589029313959],[-0.1940452081574217,-0.44783505522075556],[-0.13829832570537576,-0.45453900681510323],[0.12761861432144034,-0.43468085005655666],[0.1688221290418973,-0.47182478316981435],[0.16049008031456802,-0.22909758090902588],[0.1604879142514438,-0.11801592456675425],[0.16048664009658606,-0.052673769738091486],[0.16048460144884347,0.051873676461890034],[0.16048332729398573,0.11721583129055278],[0.16045232028405632,0.22829397106754273],[0.16044936942216154,0.391647027354432],[0.1113022696271186,0.38648152134070135],[-0.12415014610850446,0.41020853053244993],[-0.19410445351834707,0.4019218954880889],[-0.19410202155441678,0.2711917331724515],[-0.1940994723505865,0.14046157085443386],[-0.19407662836191847,0.06321299786027983]],"resolution":null},"type":"ramp"},{"normal":[-0.004217483578258881,0.9991847275843073,0.040150877880078845],"root":[1072.8472274780274,110.88753128051758,3253.151806640625],"cov":[[0.0009644046461842934,0.0003343518385984549,-0.00000936479394064602],[0.0003343518385984549,0.0010115773364921898,-0.000039237584035025864],[-0.00000936479394064602,-0.000039237584035025864,0.00003371043572538226]],"n":40,"id":"h","colors":{"mean":[101.85000285878778,101.9500024728477,98.3500019274652],"cov":[[945.6391025967049,913.4317746268565,806.7829692438614],[913.4317746268565,910.8293264413076,801.91954315988],[806.7829692438614,801.91954315988,756.0780697330489]]},"roughness":9.780407336024346,"rot":[[0.9991936087608337,0.00008470236207358539,-0.040150877088308334,0],[0.00008470236207358539,0.9999911189079285,0.004217483568936586,0],[0.040150877088308334,-0.004217483568936586,0.9991847276687622,0],[0,0,0,1]],"poly":{"xy":[[-233.20478515625018,-51.338438415527435],[-232.63618164062518,-161.65569915771493],[-232.73212890625018,-260.50774993896493],[-152.05976562500018,-320.93194427490243],[-4.955517578125182,-321.73016204833993],[16.060107421874818,-324.2639144897462],[237.27592773437482,-442.95269622802743],[333.8804199218748,-371.89019622802743],[434.7798339843748,-248.65557708740243],[313.2581054687498,-83.65106048583993],[315.1025878906248,31.061830139160065],[294.7144042968748,175.90789947509757],[383.5635253906248,324.60479888916007],[131.08525390624982,281.89019927978507],[14.418505859374818,234.07122955322257],[-26.363964843750182,277.06768951416007],[-172.57319335937518,278.76361236572257],[-189.86445312500018,256.40741119384757],[-231.41718750000018,167.09539947509757],[-230.10175781250018,67.08368072509757]],"rhoDist":[239.53483702130788,283.48611110867733,349.8487476395903,355.6126037242334,321.85530554794195,325.59337188422666,503.80565245593544,500.9403579278965,501.8763923991851,324.33198835745316,316.746144545772,343.2228502091566,503.55480634614383,311.794085132249,234.99231593697633,279.48858210557086,328.3808124812432,319.6735448653025,286.11131235346943,240.5302046491295]},"features":[10.009978962480034,234.99231593697633,9.780407336024346],"projected":{"root":[3.2531518066406253,1.0728472274780274],"xy":[[-0.2326195743079969,-0.051399909478493926],[-0.23206077343268117,-0.161716140542709],[-0.23216501633098072,-0.2605673199433958],[-0.15156282331518,-0.3209841435328431],[-0.004577264097411011,-0.32176989412712764],[0.016421199808855366,-0.32430184395213224],[0.23744858394876825,-0.4429708321888665],[0.3339811958306623,-0.3719007818182519],[0.43480968537076065,-0.2486587127033221],[0.3133999252361443,-0.08366595735912487],[0.3152526367658936,0.031046068873135622],[0.2948931625020397,0.17588912255577302],[0.38368323284612704,0.32459222471259325],[0.1314049355522081,0.28185661963811126],[0.01482821429853132,0.23402819341789374],[-0.02591772852971202,0.2770208164586791],[-0.17200891390004866,0.2787043399542857],[-0.1892881240455757,0.256346873079702],[-0.23081491626420586,0.16703213637399655],[-0.22950901853537617,0.06702141886933126]],"resolution":null},"type":"preview"},{"normal":[-0.00031332239063915074,0.9997654164681621,-0.021656727899712052],"root":[1077.9403264293933,53.462763250690614,2508.464684891374],"cov":[[0.0011788410114738992,0.000006385587618391586,5.07767331283678e-7],[0.000006385587618391586,0.001397361230433872,0.000030271373858484737],[5.07767331283678e-7,0.000030271373858484737,6.559286144686351e-7]],"n":146,"id":"h","colors":{"mean":[160.74658096040764,147.6438419633124,116.91096015988964],"cov":[[27.23620959454577,30.05320771173479,35.11364349660774],[30.05320771173479,39.30325944140984,43.505920426980246],[35.11364349660774,43.505920426980246,53.849958257324566]]},"roughness":0.1103276861311702,"rot":[[0.9997654557228088,-0.0000033931669349840377,0.02165672741830349,0],[-0.0000033931669349840377,0.9999999403953552,0.0003133223799522966,0],[-0.02165672741830349,-0.0003133223799522966,0.9997653961181641,0],[0,0,0,1]],"poly":{"xy":[[-498.11751692262396,-47.52748463251828],[-432.50203840699896,-251.28120777704953],[-328.58626692262396,-377.0985295543933],[-230.20687239137396,-445.0249211559558],[-98.41707746949896,-491.3254582653308],[29.495276046126037,-499.18074390986203],[183.23941667112604,-466.4990422497058],[368.40616471800104,-338.5941350231433],[422.13077409300104,-270.78157398798703],[496.08804948362604,-62.76680348017453],[496.03604753050104,63.04539134404422],[440.20035417112604,237.50938060185672],[315.83829362425104,388.7011530627942],[264.94229753050104,424.6874811877942],[104.47989518675104,490.0262263049817],[-152.63265364137396,477.8605768909192],[-165.83553450074896,471.7955134143567],[-328.73470442262396,376.9007380237317],[-421.39071028199896,270.0848200549817],[-498.14339582887396,47.26865794560672]],"rhoDist":[500.49711219530656,500.2895852698634,500.22460748596484,501.0675501945367,501.0906773703161,500.0516151995397,501.2112347442402,500.43108784617476,501.59686662406443,500.15830691958075,500.1426487405611,500.2796098045343,500.89024448000106,500.5878511912344,501.04639054956965,501.65475476476803,500.104436416899,500.17020317244004,500.59792007740657,500.4976824983917]},"features":[19.69998507739726,500.0516151995397,0.1103276861311702],"projected":{"root":[2.508464684891374,1.0779403264293932],"xy":[[-0.49821709721974033,-0.04752892532738674],[-0.43261631642328197,-0.2512828611136673],[-0.3287244898470757,-0.37710052931803845],[-0.23036793818650905,-0.4450272514027139],[-0.09860889540501694,-0.49132823342390497],[0.029273484912622886,-0.49918395271077093],[0.18298145634713547,-0.46650277433452364],[0.3681043424116421,-0.3385985016886438],[0.42181612141609937,-0.27078612627905346],[0.495755345449683,-0.06277161693231617],[0.49570292879103567,0.06304057189207993],[0.43987973883934095,0.23750474204506744],[0.31554633245985747,0.38869692906504044],[0.2646621511224647,0.4246834281220354],[0.10423716103322368,0.4900227145073719],[-0.15281504476700694,0.4778579381163184],[-0.16601480851633255,0.4717929197370752],[-0.32887545097870446,0.37689870174901696],[-0.42150936336934114,0.27008310342127984],[-0.4982432917156259,0.04726721268489155]],"resolution":null},"type":"reactive"},{"normal":[-0.00039892069340194294,0.9702377990709756,0.24215378195722972],"root":[-33.02690914981976,158.5557411007765,2473.7102288967226],"cov":[[0.0011178791301718173,0.0002469697192320235,-0.00006117954431381591],[0.0002469697192320235,0.0005050284160142992,-0.0001259444022064403],[-0.00006117954431381591,-0.0001259444022064403,0.000031408293810705774]],"n":41,"id":"h","colors":{"mean":[167.00000524520874,167.00000524520874,84.00000259280205],"cov":[[0.002380952364321621,-1.6630760260990687e-11,-1.1087173507327125e-11],[-1.6630760260990687e-11,0.002380952364321621,-1.1087173507327125e-11],[-1.1087173507327125e-11,-1.1087173507327125e-11,0.0023809523754087943]]},"roughness":0.002854884761757201,"rot":[[0.9702378511428833,0.000049029691581381485,-0.24215377867221832,0],[0.000049029691581381485,0.9999999403953552,0.00039892070344649255,0],[0.24215377867221832,-0.00039892070344649255,0.9702377915382385,0],[0,0,0,1]],"poly":{"xy":[[-123.74416444359758,-34.65857669002399],[-123.71169374047258,-88.89293643123493],[-123.61306092797258,-163.47244998103963],[-123.41701600609758,-346.55133792049276],[-94.93386170922258,-398.6096264947115],[122.78122618140242,-381.8713147271334],[89.42331602515242,-274.527473174399],[89.22946836890242,-120.68177004939899],[89.19089415015242,-62.081626616781804],[89.15207579077742,-25.4571263421236],[89.07443907202742,25.8153026472868],[89.03586485327742,62.43668202274456],[88.99704649390242,121.0293124090971],[88.84226133765242,267.4972613226713],[88.64841368140242,435.90999630802287],[-95.77175233422258,416.76287106388224],[-124.16994569359758,378.79915646427287],[-123.97341249047258,168.69971493595256],[-123.87526795922258,87.36154583805218],[-123.84255311547258,39.910913742715266]],"rhoDist":[132.16132757448034,155.42784462300665,207.24613432194946,369.14681236252824,410.4337369762145,402.30530862578144,289.5947316510283,151.7367086046339,110.93228020191863,95.35151761896887,95.36473322450307,110.98829885569465,151.85530488692598,282.72767112215536,445.374065384861,428.30251271750916,399.84606349659197,211.6383940036632,154.70975721264244,133.74001366905054]},"features":[7.089459924583933,95.35151761896887,0.002854884761757201],"projected":{"root":[2.4737102288967225,-0.03302690914981976],"xy":[[-0.11764143723235623,-0.0346686302359611],[-0.11761259202021246,-0.08890298400458976],[-0.11752055133999,-0.1634824866946096],[-0.11733931743232368,-0.3465613502346086],[-0.08970643459802875,-0.3986182380837233],[0.1215298113608299,-0.3818692531641714],[0.08916996637048359,-0.27452705580978415],[0.08898943103907916,-0.12068137461531868],[0.0889548780179103,-0.06208123780716516],[0.0889190106632195,-0.02545674239395007],[0.08884619844927912,0.025815678647639763],[0.08881056781605398,0.062437053173876614],[0.08877577755204039,0.12102967692440218],[0.08863278040879255,0.2674976064185715],[0.0884529592944895,0.4359103182967975],[-0.09047941035825645,0.41675415253504605],[-0.11803427462386923,0.3787890486470921],[-0.11785389177668781,0.16868963372463833],[-0.11776265622023736,0.08735147600848472],[-0.11773324152952669,0.039900849349772984]],"resolution":null},"type":"ramp"},{"normal":[-0.00020527860634839885,0.9603848906323802,-0.2786769091721177],"root":[48.619021621900934,190.9192765701649,3187.4844260992004],"cov":[[0.001238347168607048,-0.00003258387904241471,-0.000009190240918533612],[-0.00003258387904241471,0.00047748745542986105,0.00013854657728607083],[-0.000009190240918533612,0.00013854657728607083,0.000040200479035168705]],"n":86,"id":"h","colors":{"mean":[196.16279420464537,196.16279420464537,98.16279244630836],"cov":[[0.13587274522167342,0.13472331993966952,0.4565623620385839],[0.13472331993966952,0.13587274522167342,0.4565623620385839],[0.4565623620385839,0.4565623620385839,2.066906997792412]]},"roughness":0.010438429467454635,"rot":[[0.9603849053382874,-0.000029181212084949948,0.2786768972873688,0],[-0.000029181212084949948,1,0.0002052786003332585,0],[-0.2786768972873688,-0.0002052786003332585,0.9603849053382874,0],[0,0,0,1]],"poly":{"xy":[[-363.5400901617004,-112.2436592256607],[-363.5403343023254,-263.6370422517837],[-363.5403343023254,-327.38162538166654],[-226.3872581304504,-441.52765199299466],[-93.87724836482539,-493.7310821687759],[45.74970476017461,-462.48172303791654],[45.74994890079961,-134.75908204670563],[45.69159929142461,-57.140402046400446],[45.69159929142461,-31.26804658527984],[45.69159929142461,-14.01980897541656],[45.69159929142461,11.852547439378363],[45.69159929142461,29.100781234544378],[45.69159929142461,54.973141464036566],[45.69159929142461,132.59020689372406],[58.73334733829961,383.73348692302096],[-106.24541242732539,345.37432554606784],[-226.4373069585754,344.5110137784897],[-352.4082542242004,326.83773496989596],[-352.4082542242004,254.96462705973968],[-363.5400901617004,78.99008634929046]],"rhoDist":[394.81115129494395,461.28782155206386,500.46240846234787,500.51660893072966,503.3169746522752,464.9259223489481,142.92670707518747,74.35439850997089,56.9327683871462,49.60110888634455,49.03362349335946,55.773961991445155,72.70504858100658,140.8702830914868,388.57943277396447,362.6510781010722,417.4483322998093,491.37051896809174,446.80101660239154,386.66633620263093]},"features":[5.990704028047656,49.03362349335946,0.010438429467454635],"projected":{"root":[3.1874844260992004,0.04861902162190093],"xy":[[-0.3519219112305594,-0.1122351010584757],[-0.35191772785709247,-0.2636284808232093],[-0.3519158677128839,-0.32737306258287513],[-0.22019279178607248,-0.4415230890336091],[-0.09293065434188326,-0.4937303848899723],[0.041164052871562315,-0.4624851009145826],[0.04115472399659729,-0.1347624669750335],[0.04109642090495127,-0.057143786940462536],[0.041095665918255794,-0.0312714320354792],[0.04109516259377359,-0.014023194796374117],[0.04109440760705029,0.01184916106228351],[0.04109390428267941,0.02909739448669141],[0.04109314929584479,0.05496975416004622],[0.04109088433578619,0.1325868179213219],[0.05360865372242379,0.3837297119781697],[-0.10483333861121132,0.34537536570596444],[-0.22026379548659636,0.3445155613021256],[-0.34124387687925034,0.3268459588583728],[-0.3412417795348352,0.25497285249315954],[-0.3519274916630736,0.07899864040582481]],"resolution":null},"type":"ramp"},{"normal":[-0.00024998450492300187,0.9997648441679751,-0.021683954287258594],"root":[63.176617463429764,168.6954345703125,4300.697719029018],"cov":[[0.001077400132601945,-0.0000744143694968147,-0.0000013445806337092717],[-0.0000744143694968147,0.0014163832340062267,0.00003070140647489664],[-0.0000013445806337092717,0.00003070140647489664,6.656056945645357e-7]],"n":42,"id":"h","colors":{"mean":[93.09524014592171,93.04762110114098,187.54762306809425],"cov":[[3.48183790192896,1.5304538596348383,2.390918873337119],[1.5304538596348383,4.372203244293531,4.230342795809753],[2.390918873337119,4.230342795809753,6.848947135079652]]},"roughness":0.007963521211066344,"rot":[[0.9997648596763611,-0.000002710645048864535,0.0216839537024498,0],[-0.000002710645048864535,0.9999999403953552,0.0002499844995327294,0],[-0.0216839537024498,-0.0002499844995327294,0.9997648596763611,0],[0,0,0,1]],"poly":{"xy":[[-49.30562918526812,-8.836968262990311],[-49.30562918526812,-30.52981265385945],[-49.30562918526812,-63.06907360007365],[-49.20894949776812,-149.84246524175006],[-15.391078404018117,-499.7534912427266],[18.668980189731883,-502.5869263013204],[88.03030831473188,-263.4479645093282],[88.03030831473188,-118.73022540410359],[88.03079659598188,-63.06955773880084],[87.92776925223188,-18.542095979054764],[87.92825753348188,25.985369841257736],[87.92825753348188,59.38096920649211],[87.92825753348188,115.04030148188274],[87.82523018973188,259.7468139330546],[87.82523018973188,371.0627929369609],[-15.882289341518117,373.56373898188275],[-49.40279715401812,143.0080901781718],[-49.30562918526812,67.08796993891399],[-49.30562918526812,34.548716704050705],[-49.30562918526812,12.85587612787883]],"rhoDist":[50.102673405702774,58.00225852619748,80.0619173095496,157.71978101885418,499.9906686537606,502.93361456107624,277.7725868208701,147.816521165521,108.30855277471049,89.88205760930586,91.70782326467416,106.11881726919324,144.80816865650783,274.19997352643173,381.3199157801416,373.90127331784686,151.30429185525347,83.26438872922806,60.21450356903812,50.96521152285223]},"features":[6.926213575365094,50.102673405702774,0.007963521211066344],"projected":{"root":[4.300697719029018,0.06317661746342976],"xy":[[-0.04951085180879335,-0.008839334181828789],[-0.04951079300719317,-0.03053217789480086],[-0.049510704804808146,-0.06307143782416963],[-0.04941381263721904,-0.14984482701625912],[-0.01560294447170839,-0.499755933750829],[0.01844911344543079,-0.502589461045606],[0.08779348479630161,-0.2634506947405961],[0.08779309251788561,-0.11873296015777206],[0.08779342980801814,-0.06307229423317764],[0.0876903059903877,-0.018544833585635325],[0.08769067345867813,0.025982630841879177],[0.08769058293506367,0.059378229163507726],[0.08769043206237291,0.11503755969955531],[0.08758703669489953,0.2597440679079481],[0.08758673495679757,0.3710600434332521],[-0.016096407166425998,0.3735612705142892],[-0.04960840852901384,0.14300571977759338],[-0.049511057614347515,0.06708560164743631],[-0.049510969411983415,0.034546349429418206],[-0.04951091061039356,0.012853509531143285]],"resolution":null},"type":"step"},{"normal":[-0.0002824364300568492,0.9997642728540654,-0.021709881488502218],"root":[1107.7837311500728,91.29202696334484,4250.342273800872],"cov":[[0.0011321754854421188,-0.000014240825739332792,1.060346273083192e-8],[-0.000014240825739332792,0.0012980820896136584,0.0000281838298936593],[1.060346273083192e-8,0.0000281838298936593,6.120929079778573e-7]],"n":43,"id":"h","colors":{"mean":[160.4418661012206,148.069773815399,119.09302393364352],"cov":[[9.01601372461618,10.242599201806694,11.528012443447635],[10.242599201806694,18.474786381401778,19.811837640527468],[11.528012443447635,19.811837640527468,25.94836185141043]]},"roughness":0.0826861429389465,"rot":[[0.9997643232345581,-0.0000030661919936392223,0.021709881722927094,0],[-0.0000030661919936392223,0.9999999403953552,0.00028243643464520574,0],[-0.021709881722927094,-0.00028243643464520574,0.9997642636299133,0],[0,0,0,1]],"poly":{"xy":[[-483.83177575399714,-130.23185126726025],[-457.00096520712214,-204.99711005632275],[-374.75706872274714,-332.40885322038525],[-171.55174645712214,-470.258889841479],[-47.621082394622135,-498.31412665788525],[49.222667605377865,-498.11795966569775],[289.83692541787786,-412.6777130836665],[362.53028479287786,-344.9377228492915],[475.31739416787786,-162.1269318336665],[513.8813590116279,-11.204019236010254],[513.8813590116279,0.8450530296147463],[475.19825354287786,160.99959404523975],[362.30323401162786,347.31184990461475],[253.75294104287786,434.38985283430225],[149.30225744912786,461.72652275617725],[-141.56053551962214,463.11360771711475],[-290.00340661337214,417.72994072492725],[-318.71947106649714,388.31172783430225],[-457.15965661337214,206.16084892805225],[-483.91038903524714,129.06014092023975]],"rhoDist":[501.1634030552076,500.9725157157691,501.0052696604633,500.5878916368804,500.58580746372945,500.5449438439628,504.3279425673751,500.4710970706018,502.3127469550377,514.1252605997141,514.0038971094771,501.838813715891,501.94898577700457,503.1072957744975,485.2772839402277,484.2748743351135,508.56508358874186,502.4084343269074,501.5922337935563,500.93479680170157]},"features":[11.95104124751787,484.2748743351135,0.0826861429389465],"projected":{"root":[4.2503422738008725,1.1077837311500727],"xy":[[-0.48393444226938376,-0.13023318691545838],[-0.4571097261579783,-0.20499852499056387],[-0.3748848228430129,-0.3324105152477746],[-0.1717269708075164,-0.470261169436603],[-0.047825429600425955,-0.4983167851291132],[0.04899549496038386,-0.4981209150862923],[0.2895527810824805,-0.41268140968199907],[0.3622287998552521,-0.344941645041568],[0.47498876621291997,-0.16213120714518597],[0.51354317926297,-0.011208418812349675],[0.5135431423181996,0.0008406529726393981],[0.4748686628998446,0.16099530620955313],[0.3619996800168032,0.34730790079477397],[0.2534747039708631,0.4343862330869825],[0.14904855425264185,0.46172322218426265],[-0.14174569031561104,0.46311119893106883],[-0.2901534361613492,0.4177279889035893],[-0.31886264240214623,0.3883098652354231],[-0.4572696408519738,0.2061594180793519],[-0.48401383206154447,0.12905879516996113]],"resolution":null},"type":"reactive"},{"r":317.7043896028255,"xc":-1063.0692402684404,"yc":315.65827560424805,"zc":4338.350559638473,"root":[-963.8380676813251,384.6547123082494,4041.657238733851],"h":460.0015640258789,"error":11921.916075329951,"id":"cyl","type":"avoid"},{"normal":[-0.0003421011617142293,0.999763774381142,-0.021731967282513212],"root":[-1040.8807839786305,146.5821284125833,3296.2567749023438],"cov":[[0.0011931054938473476,-0.00004618511329332126,-5.956713083602698e-7],[-0.00004618511329332126,0.0009951438183825518,0.000021615739112922357],[-5.956713083602698e-7,0.000021615739112922357,4.6970788101884593e-7]],"n":68,"id":"h","colors":{"mean":[92.86764912307262,92.7500020712614,187.3088275641203],"cov":[[7.447953076498664,7.27173826357424,2.0112955829067887],[7.27173826357424,7.51956432115867,2.0615939571339963],[2.0112955829067887,2.0615939571339963,2.2118070681187985]]},"roughness":0.0076011840093922825,"rot":[[0.9997638463973999,-0.000003717704657901777,0.021731967106461525,0],[-0.000003717704657901777,0.9999999403953552,0.00034210114972665906,0],[-0.021731967106461525,-0.00034210114972665906,0.9997637867927551,0],[0,0,0,1]],"poly":{"xy":[[-87.61419677734375,-26.36054902918204],[-87.61419677734375,-61.07124238855704],[-87.55633544921875,-113.15876680261954],[-87.49798583984375,-260.70637422449454],[-0.05267333984375,-447.47529512293204],[22.35382080078125,-455.30354219324454],[90.94610595703125,-262.08174043543204],[67.75518798828125,-93.11530977136954],[90.88238525390625,-53.93061738855704],[67.75518798828125,-21.10859590418204],[90.88238525390625,9.411911908317961],[90.88238525390625,63.70561308019296],[90.81842041015625,118.01725858800546],[90.81866455078125,235.6512307559742],[90.75445556640625,416.63871854894296],[-87.78802490234375,424.9124612247242],[-87.72991943359375,268.70878690831796],[-87.67205810546875,112.49937528722421],[-87.67205810546875,60.43437284581796],[-87.61419677734375,25.70536893956796]],"rhoDist":[91.51380268169292,106.81579103740765,143.09018768961877,275.0048464765591,447.47531946201605,455.8520968785122,277.41972387105864,115.166575823777,105.69765946123066,70.98226738693445,91.3898442903687,111.00430439755945,148.92993187443273,252.55428431908481,426.41356572855375,433.88996620657406,282.67344684475285,142.6393714816522,106.49986983010352,91.32707712007486]},"features":[7.820266281802214,70.98226738693445,0.0076011840093922825],"projected":{"root":[3.2962567749023437,-1.0408807839786305],"xy":[[-0.08781072685906717,-0.02636364277437295],[-0.08781059781495812,-0.06107433410235617],[-0.08775255650573872,-0.11316185568318499],[-0.08769367213818269,-0.26070945468698203],[-0.00026831699193555935,-0.4474786897508981],[0.022132914575162622,-0.4553070196638035],[0.09070828214905693,-0.2620854842198733],[0.06752221294474256,-0.09311897722733468],[0.09064380265024947,-0.053934373117838906],[0.06752194524504145,-0.021112267574233182],[0.09064356716142835,0.00940815247200863],[0.09064336531347841,0.0637018504664254],[0.09057921366145807,0.1180134930335319],[0.09057902041604973,0.23564745831623946],[0.09051415373768364,0.41663493575589433],[-0.08798619163139099,0.42490934171569217],[-0.08792751916610106,0.26870567632485504],[-0.08786909076244856,0.11249627363057377],[-0.08786889720014245,0.060431274236194474],[-0.08781092042477696,0.025702272147296527]],"resolution":null},"type":"step"},{"normal":[-0.00029266344669031145,0.9997636604034591,-0.021737931934379534],"root":[-1055.6579747575054,59.92282421669263,2833.5802783751756],"cov":[[0.001169303489746611,-0.0000014643080094017499,3.10454734443593e-7],[-0.0000014643080094017499,0.0008639327772492321,0.00001878412279029587],[3.10454734443593e-7,0.00001878412279029587,4.0856227612408625e-7]],"n":89,"id":"h","colors":{"mean":[163.00000548362732,149.29214079058573,118.25842888335164],"cov":[[37.51221775052862,47.56666665373163,53.56666914720554],[47.56666665373163,74.07227940185462,82.52535656551157],[53.56666914720554,82.52535656551157,99.23509109439485]]},"roughness":0.2397480092553516,"rot":[[0.9997637271881104,-0.0000031813249279366573,0.021737931296229362,0],[-0.0000031813249279366573,0.9999999403953552,0.0002926634333562106,0],[-0.021737931296229362,-0.0002926634333562106,0.9997636675834656,0],[0,0,0,1]],"poly":{"xy":[[-295.19355962517557,-94.27122446124463],[-295.15474126580057,-213.00682016436963],[-295.11616704705057,-405.9452967268696],[-265.38179204705057,-425.6122889143696],[-25.543413140800567,-500.4510340315571],[79.60355951544943,-493.9063562971821],[268.21269037482443,-421.9922937971821],[348.77421381232443,-363.2165369612446],[369.39311029669943,-264.5359949690571],[369.33427240607443,-114.87791391436963],[369.27567865607443,61.17976430828662],[348.60014154669943,249.97590688641162],[307.84965326544943,396.5615392106304],[209.45145990607443,454.4653478043804],[8.592329046699433,500.2320104020366],[-42.82295415642557,499.6686559098491],[-220.10493657830057,449.7243199723491],[-324.59077642205057,422.9602208512554],[-295.31025884392557,209.97718862469287],[-295.27144048455057,91.25221303875537]],"rhoDist":[309.9482602569524,364.0471596021132,501.92416517173984,501.60549604198945,501.1029740401529,500.2826367422296,500.04807607575674,503.6126594068327,454.4159824667692,386.8705060113511,374.3959515437199,429.03197034113487,502.07446517346153,500.4304704735885,500.3059035642728,501.50092842151554,500.7192322542203,533.2002907501826,362.40701925247606,309.1163955019866]},"features":[17.68395158833086,309.1163955019866,0.2397480092553516],"projected":{"root":[2.833580278375176,-1.0556579747575054],"xy":[[-0.29534088575377254,-0.09427320795133526],[-0.2953016988305339,-0.21300879869238878],[-0.29526251992675223,-0.40594726711385654],[-0.2655351084962964,-0.4256143530537093],[-0.025753164536863462,-0.5004538579693035],[0.0793689414090955,-0.49390951502193414],[0.26793327575889503,-0.4219960556290252],[0.3484755757841971,-0.3632205576028994],[0.3690892861551508,-0.26454008543270935],[0.36902998605673754,-0.11488201060084588],[0.3689708460555618,0.061175660267488295],[0.34829959388684717,0.2499718605348869],[0.3075582684776383,0.3965576162212415],[0.2091831420822558,0.4544617353715434],[0.008371327987203794,0.5002290350071374],[-0.04303180415858761,0.4996658441078037],[-0.22027173653226562,0.44972207430106886],[-0.32473280156471945,0.42295830872972073],[-0.29545852530995087,0.2099751924745942],[-0.2954193384204983,0.09125022185027323]],"resolution":null},"type":"reactive"},{"normal":[-0.0003057200677696882,0.9997661716294253,-0.0216219471991529],"root":[-1017.5373075508777,123.94107178111135,2251.978985821759],"cov":[[0.001200250398764584,0.000003747515005297159,4.4807397723146524e-7],[0.000003747515005297159,0.001075996876512244,0.00002327173493280236],[4.4807397723146524e-7,0.00002327173493280236,5.034620350167577e-7]],"n":162,"id":"h","colors":{"mean":[92.67284158203337,92.67284158203337,187.42592995365462],"cov":[[0.6733771825412094,0.672763685608694,-1.4259257559475997],[0.672763685608694,0.6733771825412094,-1.4259257559475997],[-1.4259257559475997,-1.4259257559475997,4.5135645608446255]]},"roughness":0.006664405957792586,"rot":[[0.9997662305831909,-0.0000033055180210794788,0.02162194810807705,0],[-0.0000033055180210794788,0.9999999403953552,0.00030572008108720183,0],[-0.02162194810807705,-0.00030572008108720183,0.9997661709785461,0],[0,0,0,1]],"poly":{"xy":[[-62.260968243634125,-18.5328828788098],[-62.260968243634125,-44.7653047538098],[-62.260968243634125,-84.1141817069348],[-62.231427228009125,-189.0614473319348],[-12.484601056134125,-474.5902559256848],[91.71119972511588,-468.1172334647473],[118.80275245949088,-362.3923799491223],[118.73536964699088,-133.5065156913098],[105.10133644386588,-73.5443574881848],[105.10133644386588,-25.2001192069348],[132.41359230324088,1.0394437813464492],[105.06788917824088,64.5959013008777],[105.03468605324088,133.6709745430652],[105.00123878761588,313.2400663399402],[104.96779152199088,396.12123089072145],[-12.698468243634125,398.16725139853395],[-62.319561993634125,191.35072307822145],[-62.290020978009125,79.85230999228395],[-62.290265118634125,40.50404339072145],[-62.290265118634125,14.27186565634645]],"rhoDist":[64.97488575482194,76.69557196248921,104.65891841358325,199.04506003290663,474.7546147150749,477.01999111820646,381.3769133204535,178.68530588422587,128.29698794430476,108.10375494956675,132.44861056999602,123.35767691897883,170.01637186233748,330.37880642159007,409.79990794419365,398.3697250878756,201.24735254787564,101.28274678437997,74.31302919715752,63.9182679215736]},"features":[9.066229994010135,63.9182679215736,0.006664405957792586],"projected":{"root":[2.251978985821759,-1.0175373075508778],"xy":[[-0.062462570984035494,-0.018535733408546567],[-0.06246248427229167,-0.04476815405749972],[-0.062462354203868906,-0.08411702917154303],[-0.06243247318931064,-0.18906428998918245],[-0.012696333091052541,-0.4745932496769629],[0.09147508722907458,-0.46812057193966006],[0.11855995698060719,-0.3623958129170032],[0.1184918333346169,-0.13350995913408753],[0.10486078931203897,-0.07354775866592177],[0.10486062950928704,-0.025203522644177252],[0.13216641352954475,0.0010359488365688319],[0.10482689324065238,0.06459249377732335],[0.1047934695490322,0.1336675639008443],[0.10475943653389058,0.3132366474156075],[0.10472572312243708,0.39611780820326237],[-0.012913035196020292,0.3981642175633931],[-0.06252184480993948,0.19134786293266004],[-0.06249194214044507,0.07984945496026968],[-0.06249205615758925,0.04050119019856735],[-0.062491969446652425,0.014269013690227796]],"resolution":null},"type":"step"},{"normal":[-0.0002583394725174025,0.9997637461501381,-0.021734423032573814],"root":[-1043.9920516851294,38.31505101327678,1839.3516076939707],"cov":[[0.0011998965703955192,-0.000001792737542247021,2.7108057477125784e-7],[-0.000001792737542247021,0.0012658815356751977,0.000027519243197768664],[2.7108057477125784e-7,0.000027519243197768664,5.98350500635022e-7]],"n":262,"id":"h","colors":{"mean":[162.62595970439546,148.36260142785903,117.67939071050127],"cov":[[73.4275331154069,81.16933088091702,84.32539720756459],[81.16933088091702,104.13177086925452,106.94471548302559],[84.32539720756459,106.94471548302559,117.18315918064381]]},"roughness":0.22333036959591776,"rot":[[0.9997637867927551,-0.0000028077613478671992,0.02173442393541336,0],[-0.0000028077613478671992,0.9999999403953552,0.0002583394816610962,0],[-0.02173442393541336,-0.0002583394816610962,0.9997637271881104,0],[0,0,0,1]],"poly":{"xy":[[-275.85917605334566,-77.38014069768315],[-275.84233035022066,-190.62281647893315],[-329.19633425647066,-307.80140534612065],[-136.33329714709566,-410.50868073674565],[-0.1825403111581636,-483.01038972112065],[78.13874875134184,-494.07813874455815],[182.26911984509184,-465.96485749455815],[317.34370480602934,-387.06312409612065],[340.97309933727934,-244.14246979924565],[340.94331418102934,-110.62733308049565],[340.91352902477934,109.65538176325435],[340.88398800915434,243.1615463140356],[305.44184933727934,397.23362883356685],[248.16401730602934,434.83543547419185],[129.11274777477934,483.05211027887935],[-110.29533327990816,487.7191635015356],[-291.40385378772066,406.35362395075435],[-380.50382937365816,324.9250961187231],[-283.64665163928316,151.7726302984106],[-283.62992800647066,38.873643482004354]],"rhoDist":[286.56960770200635,335.35443267806943,450.7375686319688,432.5663297205408,483.01044273768173,500.221257477512,500.35973833386987,500.5704566557617,419.43074422522454,358.518135267622,358.1921015727074,418.79020514309127,501.133583796592,500.69705849304614,500.0180764891842,500.04016563424034,500.0781552352387,500.42619696223903,321.75750294924967,286.3477202628484]},"features":[27.093001774300067,286.3477202628484,0.22333036959591776],"projected":{"root":[1.8393516076939707,-1.0439920516851293],"xy":[[-0.27601113943274913,-0.07738194696321955],[-0.27599397975051443,-0.19062461901245437],[-0.32933505133903607,-0.3078030541636