[{"normal":[-0.00028968452162852766,0.9997662324627896,-0.021619354986610526],"root":[34.89996254231859,102.3690230331275,1244.295529425714],"cov":[[0.0011979108926853065,0.0000012157024271036435,3.733862318106219e-7],[0.0000012157024271036435,0.001199840202136117,0.000025946188804019997],[3.733862318106219e-7,0.000025946188804019997,5.61192472644713e-7]],"n":523,"id":"h","colors":{"mean":[92.84512634857435,92.84512634857435,187.20650499683038],"cov":[[0.9399904736932652,0.9397996339986087,-0.38029274581895983],[0.9397996339986087,0.9399904736932652,-0.38029274581895983],[-0.38029274581895983,-0.38029274581895983,0.8851103844832032]]},"roughness":0.006379877453224663,"rot":[[0.9997662901878357,-0.000003131762241537217,0.02161935530602932,0],[-0.000003131762241537217,0.9999999403953552,0.0002896845107898116,0],[-0.02161935530602932,-0.0002896845107898116,0.9997662305831909,0],[0,0,0,1]],"poly":{"xy":[[-67.0585909491515,-21.426331637167223],[-67.0483370429015,-48.13704216267992],[-67.0483370429015,-88.20330345418382],[-67.0278292304015,-203.95352089192795],[-3.180539191338994,-474.9204703548186],[45.676150261786006,-484.6779166438811],[123.1296414727235,-374.1062918880217],[116.448611199286,-155.62100899007248],[129.7963895195985,-73.67270958211351],[123.090212761786,-29.934961436056383],[129.783327996161,18.69141471598219],[129.769900261786,62.441620709634535],[123.064089714911,168.8014687320955],[116.370486199286,356.7107552311189],[83.636111199286,398.8464363834627],[-21.078366339776494,406.3068856022127],[-67.0790987616515,205.60900962565017],[-67.0688448554015,89.86657035563063],[-67.0585909491515,45.350129010415785],[-67.0585909491515,18.639542462564222]],"rhoDist":[70.41338580235202,82.55181774410177,110.80373368551217,214.69059966102694,474.9311652004475,486.8261603806647,393.85659561059776,194.38185574223374,149.27334294854074,126.70577066757558,131.15253254336156,144.0388731979714,208.9163615542229,375.22199658595565,407.52568450738715,406.8534058600442,216.27901718103604,112.1438961301445,80.96643587235239,69.6158970944649]},"features":[10.766062743266225,69.6158970944649,0.006379877453224663],"projected":{"root":[1.244295529425714,0.03489996254231859],"xy":[[-0.06725904408919575,-0.021429017571692962],[-0.06724870892794949,-0.04813972700844447],[-0.06724858344994263,-0.0882059866186292],[-0.06722771792847501,-0.20395619926331862],[-0.003394502029830483,-0.47492333731003317],[0.04545079892352332,-0.48468093619717784],[0.12288584098874254,-0.3741095586472113],[0.11620568799896558,-0.15562426399426305],[0.12955008995953685,-0.0736760098272077],[0.1228453436305037,-0.029938242514386478],[0.12953674222642853,0.018688110635874822],[0.12952318061521242,0.06243831483566937],[0.12281860429399202,0.16879817939590716],[0.11612597675746876,0.35670747897238086],[0.08339912065910883,0.3988432608728471],[-0.02129090579296515,0.40630403771938445],[-0.06728025812921937,0.20560631422816025],[-0.067269644141761,0.0898638797829818],[-0.06725925321719811,0.045347440273718335],[-0.06725916956599,0.018636854846735548]],"resolution":null},"type":"step"},{"normal":[-0.004769851402011345,0.9999784816381267,-0.004503862598855769],"root":[1046.8133169463185,55.420037760879055,1251.2985884232955],"cov":[[0.0011355297534007055,0.00020670357139627798,0.000006347409256394844],[0.00020670357139627798,0.001274277030015351,0.000006725258692442669],[0.000006347409256394844,0.000006725258692442669,0.000017366929073302418]],"n":330,"id":"h","colors":{"mean":[91.33636597611688,90.08182023939762,87.54242624410175],"cov":[[1009.3165800644706,963.0088778199878,907.1142260998395],[963.0088778199878,933.3562182154055,873.2277021683609],[907.1142260998395,873.2277021683609,840.1692432523519]]},"roughness":11.10366869259758,"rot":[[0.9999898672103882,-0.000010741493497334886,0.004503862466663122,0],[-0.000010741493497334886,0.9999886155128479,0.004769851453602314,0],[-0.004503862466663122,-0.004769851453602314,0.9999784827232361,0],[0,0,0,1]],"poly":{"xy":[[-258.0656172318893,-82.02779448538104],[-257.8494307084518,-186.6717764189748],[-264.1404463334518,-235.1367422392873],[-188.03247514204554,-290.9190908720998],[-8.673588423295541,-319.2013174345998],[3.3430131392044586,-324.8499990752248],[200.18432173295446,-303.8803945830373],[243.69408735795446,-290.84847319631854],[367.55053267045446,-187.67342436819354],[343.38354048295446,-59.11714995413104],[335.42577681107946,24.918250436493963],[359.39232954545446,248.81778656930646],[319.62023481889196,304.97818695993146],[173.06127485795446,242.14542328805646],[45.43566450639196,162.60184418649396],[-0.8674360795455414,144.23245942086896],[-43.26746049360804,118.12296235055646],[-112.07312455610804,90.09329926461896],[-159.72436967329554,55.67081391305646],[-261.6847578568893,4.899695748993963]],"rhoDist":[272.3106648349375,319.6539306349048,353.68615216398223,346.39942479910286,320.68396597324306,326.1852820174352,364.750648413973,380.20919329697654,413.24439788489684,349.11922811229283,337.0686015042558,437.64360807137274,442.3393071140136,297.634496983966,169.42185742938258,144.58002581726444,126.94651422683408,143.8296900698725,169.90342349937376,263.4988868760442]},"features":[19.0436053364724,126.94651422683408,11.10366869259758],"projected":{"root":[1.2512985884232954,1.0468133169463185],"xy":[[-0.2581071573267995,-0.0820717878523184],[-0.25788984896340933,-0.18671458169241384],[-0.2641802801956917,-0.23517892860698436],[-0.18807248174353183,-0.2909614601806656],[-0.008715110378636459,-0.31924529159068255],[0.0033014299807785,-0.3248940380489201],[0.20014051686702997,-0.3039267864736776],[0.24364970121201154,-0.2908954806961721],[0.367503782056639,-0.18772293597649828],[0.3433356540964637,-0.05916786441149451],[0.33537706847050824,0.024866665482143273],[0.3593409731088105,0.24876339712781007],[0.3195686785240895,0.30492358585706736],[0.17301187995485717,0.24209311122421803],[0.04538841846264492,0.16255180788919144],[-0.0009140151795523604,0.14418312945562353],[-0.04331332909645404,0.1180743848429636],[-0.11211799421718821,0.09004577969422503],[-0.1597683862828106,0.05562419777368752],[-0.2617271949757203,0.004854752381759707]],"resolution":null},"type":"preview"},{"normal":[0.011068543088556591,0.9997391555519557,-0.019977692813713605],"root":[-963.473280720015,55.63565725957796,1252.3905772144685],"cov":[[0.00089594660687502,0.0001885292735085673,-0.000006152048438374725],[0.0001885292735085673,0.001169656863678798,0.000021285853429431664],[-0.000006152048438374725,0.000021285853429431664,0.000013473341401175264]],"n":281,"id":"h","colors":{"mean":[105.79003832810078,104.99288514786768,101.65124797126364],"cov":[[620.0167587766691,594.3389803079099,558.136287512796],[594.3389803079099,584.3265853628864,543.7245070232319],[558.136287512796,543.7245070232319,517.7586100170145]]},"roughness":9.391955410564188,"rot":[[0.999800443649292,0.00011057639494538307,0.019977692514657974,0],[0.00011057639494538307,0.9999387264251709,-0.011068543419241905,0],[-0.019977692514657974,0.011068543419241905,0.9997391700744629,0],[0,0,0,1]],"poly":{"xy":[[-265.09974469493727,85.6660907786088],[-264.795728581656,-106.47532767842245],[-184.83479108165602,-140.63682670185995],[-107.89643658946852,-183.46934623310995],[-3.7105235035310216,-233.26011771748495],[89.32951555896898,-282.38377494404745],[227.57536516834398,-324.18333549092245],[289.3191395824065,-308.09874076435995],[289.2864247386565,-202.09739799092245],[289.4502430980315,-90.94688529560995],[318.885423762094,38.836989216108805],[272.718919855844,188.26136665751505],[258.6204091136565,206.28944282939005],[121.93400774646898,199.25941353251505],[45.52165423084398,184.47560005595255],[-62.14546002696852,220.53431587626505],[-67.84089459728102,194.8228290598588],[-230.81776227306227,217.32179146220255],[-250.75849713634352,165.7798603098588],[-265.09974469493727,85.6660907786088]],"rhoDist":[278.67375924140333,286.7720702805397,232.38554378806663,213.08850687044594,233.33416444445967,296.27111066513277,396.8166733946132,422.657894393309,352.90163344685527,303.4164883211906,322.0721879694559,331.40128271219766,331.00539358744453,235.03915675118836,192.2090547414475,231.2548803850621,208.67981625083476,318.9506652559882,302.5738051829729,278.67375924140333]},"features":[18.96913512920778,192.2090547414475,9.391955410564188],"projected":{"root":[1.2523905772144686,-0.963473280720015],"xy":[[-0.265237140332512,0.0857422141602654],[-0.26495443120085926,-0.10638739926770464],[-0.18501322977107013,-0.14053796361787613],[-0.10809496691178827,-0.18335935147808638],[-0.003935352948613282,-0.2331355520619974],[0.08908068525325591,-0.2822459117290002],[0.22729432169247193,-0.3240276247263484],[0.28902755185227186,-0.307937188007233],[0.2890065647844726,-0.2019423429507569],[0.28918264107234026,-0.09079862170083115],[0.3186262980925033,0.038980556527207284],[0.2724855309128269,0.18839067466101006],[0.25839182743304784,0.20641608739263684],[0.12173192860094491,0.1993713744956948],[0.04533319073228221,0.18458001733646148],[-0.062308448065427825,0.22062461860258226],[-0.06800558902375295,0.19491407720211668],[-0.23094744190008804,0.21739363982591636],[-0.2508898963099354,0.1658526613799455],[-0.265237140332512,0.0857422141602654]],"resolution":null},"type":"preview"},{"normal":[-0.0006109136888869303,0.9988910710258568,-0.04707711768238529],"root":[-1033.2578560001941,122.8949294538129,2234.410145459254],"cov":[[0.0012011784191139593,0.000011932363068115777,0.0000012969958757248493],[0.000011932363068115777,0.0011833588494231558,0.00005577826759578952],[0.0000012969958757248493,0.00005577826759578952,0.000005796822974152661]],"n":181,"id":"h","colors":{"mean":[88.91160413211222,88.91160413211222,180.16022469951304],"cov":[[142.72905192940678,142.72850247885734,255.3987217797862],[142.72850247885734,142.72905192940678,255.3987217797862],[255.3987217797862,255.3987217797862,470.51901763531964]]},"roughness":12.308405559016123,"rot":[[0.9988912343978882,-0.000014388005183718633,0.04707711935043335,0],[-0.000014388005183718633,0.9999998211860657,0.0006109136738814414,0],[-0.04707711935043335,-0.0006109136738814414,0.9988910555839539,0],[0,0,0,1]],"poly":{"xy":[[-46.32909077175418,-10.316484820118376],[-46.32909077175418,-23.527788531055876],[-46.17625874050418,-61.043901812305876],[-46.14671772487918,-140.17524946855588],[-46.02855366237918,-469.9098686091809],[95.86573344699582,-473.7669242732434],[136.33790141574582,-381.3252738826184],[150.01661235324582,-185.18818892168088],[122.67017680637082,-71.63643110918088],[122.63672954074582,-9.464189898243376],[149.98243266574582,23.723004925975374],[149.94849711887082,100.33097611738162],[122.60377055637082,156.29752885175662],[136.16895610324582,360.7476020939441],[130.42335063449582,421.1460395939441],[-45.34471577175418,421.2187935001941],[-45.93114155300418,140.21775590253787],[-45.90184467800418,61.396100629100374],[-46.20579975612918,31.270856488475374],[-46.35838764675418,9.514997113475374]],"rhoDist":[55.61755901366285,59.502517230898995,79.54092503059088,149.15771026790014,472.66098183802507,483.37575844958434,404.9806517300828,238.35806080745982,142.09360193650787,123.04615682477831,151.89733461152878,180.46155549333557,198.67535813416833,385.6093565265309,441.1690024101939,423.9051071286427,147.71183113380238,76.9737177309827,59.830321930450296,55.48835713158532]},"features":[9.126899895029178,55.48835713158532,12.308405559016123],"projected":{"root":[2.234410145459254,-1.0332578560001942],"xy":[[-0.04674834649400013,-0.010321925447592481],[-0.04674815640969032,-0.02353322669183039],[-0.046594954047730106,-0.061049335167346494],[-0.0465643072432162,-0.14018066847391664],[-0.04644152997070874,-0.46991522774950995],[0.09529548844102897,-0.473774324269193],[0.13572145315571313,-0.3813332734522413],[0.14938217590684785,-0.18519642192167995],[0.12206442672549168,-0.07164429184991167],[0.12203012200971824,-0.009472061765994223],[0.14934502830041615,0.023714733411674873],[0.1493100281434091,0.10032269078777266],[0.12199481458784925,0.15628962650863512],[0.13554201821143677,0.3607394664017217],[0.1298019141252477,0.42113797529245417],[-0.04577127184410181,0.42121325813701777],[-0.046353004385843485,0.14021228144292563],[-0.04632260590712124,0.061390640464857656],[-0.046625790535228216,0.03126540632226323],[-0.04677789622178681,0.009509553204763252]],"resolution":null},"type":"step"},{"normal":[-0.010178188252550475,0.9997033764049594,0.022126086152316992],"root":[66.57913533278874,81.60717398779732,2243.5016653878347],"cov":[[0.0012242297758666197,0.00012988956651180836,0.000009589337808075692],[0.00012988956651180836,0.0010849918691333564,-0.00002269131389011099],[0.000009589337808075692,-0.00002269131389011099,0.00003416003574669851]],"n":112,"id":"h","colors":{"mean":[112.88393195319388,111.36607439190682,107.01785938149052],"cov":[[594.4212302674626,562.6704910704433,534.0728906294851],[562.6704910704433,557.0628051661664,516.5510739448472],[534.0728906294851,516.5510739448472,501.6997029889898]]},"roughness":9.269499254362307,"rot":[[0.9997552037239075,0.00011261843610554934,-0.022126086056232452,0],[0.00011261843610554934,0.9999482035636902,0.010178187862038612,0],[0.022126086056232452,-0.010178187862038612,0.9997033476829529,0],[0,0,0,1]],"poly":{"xy":[[-235.8426077706472,-72.74058810302189],[-234.7868216378347,-167.0775941950934],[-239.5990774972097,-316.33082905837466],[-162.8913138253347,-367.54132405349185],[-10.540239606584692,-368.9098848445075],[112.80717250279031,-390.3285860163825],[236.6843697684153,-416.7799409968512],[302.9458443777903,-258.5262788874762],[400.8511178152903,-173.41271534987857],[385.2649361746653,-43.63276806899479],[305.5891549246653,88.84129008225032],[369.8108346121653,160.80201395920346],[339.2905709402903,286.5954862492425],[120.03642054966531,229.62093790939878],[4.8396432059153085,190.79415568283628],[-32.23628452845969,229.21514567307065],[-108.51729038783469,176.10316142014096],[-229.1524222237722,185.3190885441644],[-231.6579153878347,166.1297117131097],[-230.5741751534597,71.91709574631282]],"rhoDist":[247.82378045771023,289.0956677714279,396.86330612100323,402.03444633846533,369.0615972725433,407.549403152849,480.1836830231511,398.2612659612973,437.4986661149346,388.5875208805685,318.2444562689215,404.10404104113474,444.9390745350358,260.6143003513931,191.02395316890644,232.71958745709406,208.09100545210973,295.3523910769698,285.62474631256333,242.24003851254136]},"features":[13.249893250084993,191.02395316890644,9.269499254362307],"projected":{"root":[2.243501665387835,0.06657913533278874],"xy":[[-0.2355718002887331,-0.07286516185330678],[-0.23452689671777732,-0.1671971618741515],[-0.23935478311569275,-0.3164432065564555],[-0.16267156614283013,-0.36764240986076907],[-0.010357944357952186,-0.36899374221292564],[0.11295685792507117,-0.3903974425866837],[0.23680074889371128,-0.4168334763866067],[0.3030638237714055,-0.2585805504143007],[0.40095471357718604,-0.17346037028349323],[0.3853869633316824,-0.04368890160149095],[0.3057456071808043,0.08876932071068785],[0.36995966833956023,0.1607335491758104],[0.3394610432466101,0.28651706753507744],[0.12025415386763584,0.22952077872697937],[0.005081206174663331,0.19068303465791406],[-0.03198131778767132,0.22909785879874417],[-0.10824963006072544,0.17598003538789544],[-0.22885419034310905,0.18518189933666493],[-0.2313612311946007,0.16599323445502154],[-0.2302883663571324,0.07178562126351329]],"resolution":null},"type":"preview"},{"normal":[-0.0003002371011011701,0.9997634845918244,-0.021745913052707122],"root":[1089.1392253394265,43.579673063407824,2053.892668788873],"cov":[[0.0011948731903977479,0.0000015006356645538196,3.914705443692952e-7],[0.0000015006356645538196,0.001211857456441329,0.00002635963188564447],[3.914705443692952e-7,0.00002635963188564447,5.734955404140922e-7]],"n":206,"id":"h","colors":{"mean":[165.20874321605396,153.61651086040493,126.53398503015922],"cov":[[34.841175903860425,41.388837501033244,49.69101895360447],[41.388837501033244,61.20194593338017,67.3583918556409],[49.69101895360447,67.3583918556409,85.59116618252418]]},"roughness":0.33863769213152684,"rot":[[0.999763548374176,-0.0000032648511023580795,0.021745912730693817,0],[-0.0000032648511023580795,0.9999999403953552,0.00030023709405213594,0],[-0.021745912730693817,-0.00030023709405213594,0.9997634887695312,0],[0,0,0,1]],"poly":{"xy":[[-498.4886160544979,-40.990177487864],[-435.0435476951229,-246.51880297614525],[-359.8507986716854,-347.16748461677025],[-261.9657889060604,-426.09180102302025],[-32.689543788872925,-499.067325925364],[150.08071988300208,-477.1594890113015],[288.9725655861271,-408.79626879645775],[302.1778878517521,-399.093693112864],[469.2928780861271,-172.9558757300515],[498.7303780861271,-38.7390788550515],[498.7303780861271,35.748592043386],[440.1847237892521,237.1566730980735],[315.3146066017521,388.0160480980735],[174.23184292987708,468.9210773949485],[125.80752652362708,485.793025637136],[-116.75582796856042,483.918025637136],[-156.96639925762292,462.5909992699485],[-342.7013846091854,364.0802570824485],[-467.2028494529354,178.388728762136],[-498.5054617576229,55.736873293386]],"rhoDist":[500.2885675091198,500.12505017285037,500.080631514272,500.2140417129992,500.13752650379723,500.21506393433344,500.65700447480975,500.6285274444,500.25238618937755,500.3497758849093,500.1273588998933,500.09865920052977,500.0282698321304,500.2591068129089,501.82734733911894,497.80949474225787,488.5074998370086,500.05245577632,500.20297532373786,501.72823659512807]},"features":[23.940814077999953,488.5074998370086,0.33863769213152684],"projected":{"root":[2.053892668788873,1.0891392253394265],"xy":[[-0.498588063589821,-0.04099155052010434],[-0.4351573270864578,-0.24652037388257425],[-0.3599820303143692,-0.34716929647943506],[-0.262119909773334,-0.42609392890803],[-0.03289764343165865,-0.49907019907368094],[0.14982932896951925,-0.47716295986483265],[0.28868810767609154,-0.40880019619275],[0.301890275597316,-0.3990976640599244],[0.4689650097882319,-0.1729604024761607],[0.49839511049499374,-0.03874370776023525],[0.4983948673038438,0.03574395978055956],[0.43986239974987595,0.23715222289931828],[0.31502131810701745,0.3880119987814395],[0.17397165218019403,0.4689174850456078],[0.12555873160370853,0.4857895906254469],[-0.11694725772999151,0.48391538264318584],[-0.15714825078235972,0.4625884885188714],[-0.3428389936974312,0.3640783571689502],[-0.4673104113833144,0.17838724369769707],[-0.4986052211088494,0.055735495956028516]],"resolution":null},"type":"reactive"},{"normal":[-0.00029487391080226897,0.9997641714288438,-0.021714386396442704],"root":[17.391990504149117,36.418199671930445,1738.1889156579098],"cov":[[0.0012101514167956451,0.000006620139406846157,5.007124283085411e-7],[0.000006620139406846157,0.0010975212886661762,0.00002383957549984313],[5.007124283085411e-7,0.00002383957549984313,5.17954103062545e-7]],"n":273,"id":"h","colors":{"mean":[161.79854035377502,148.3296766598801,118.34066008145993],"cov":[[21.124155926781224,25.93843479324676,26.36764918529789],[25.93843479324676,37.30813421867584,36.22021978568068],[26.36764918529789,36.22021978568068,37.83729452965068]]},"roughness":0.10677872279651156,"rot":[[0.9997642040252686,-0.0000032018806450651027,0.021714385598897934,0],[-0.0000032018806450651027,0.9999999403953552,0.00029487389838322997,0],[-0.021714385598897934,-0.00029487389838322997,0.9997641444206238,0],[0,0,0,1]],"poly":{"xy":[[-279.4463619469723,-89.69494613159053],[-279.4313472985348,-198.34391005981317],[-279.4011959313473,-379.432243189696],[-228.17670862665977,-444.9765241955554],[-127.23200647822227,-483.94777663696163],[26.550098013965226,-499.51808913696163],[261.7902103186527,-426.73821242797726],[315.8669925452152,-389.16460402953976],[272.4170413733402,-194.27141555297723],[293.9482913733402,-61.8304251049792],[283.1187015295902,52.516670384522754],[293.8955569983402,160.98835007202277],[360.4102054358402,346.9881974841321],[230.07585484990273,444.00629440796024],[26.384692740527726,499.79856125366337],[-44.108471321972274,498.07492844116337],[-250.49921839228477,432.8403703356946],[-279.5064205407223,381.09067551147587],[-279.4763912438473,200.0253678942884],[-279.4613765954098,60.34043137085088]],"rhoDist":[293.5515494662949,342.72381199680007,471.24511444260594,500.09449197745676,500.4016843363142,500.22336825468483,500.6701721507135,501.26509580960135,334.6442280385664,300.44816600188057,288.01401880487043,335.16146784492554,500.3589595455175,500.10269927248265,500.49500935659404,500.02487286073364,500.12897235572433,472.6409740006858,343.73450038810864,285.96547187011174]},"features":[28.452086923105615,285.96547187011174,0.10677872279651156],"projected":{"root":[1.7381889156579098,0.017391990504149118],"xy":[[-0.2795973293326294,-0.08969699621684735],[-0.27958197034341603,-0.19834595546904052],[-0.27955124626225675,-0.37943428082166436],[-0.22833862706299585,-0.44497872299232],[-0.127417601389016,-0.48395029695211916],[0.026328293429994067,-0.499521101167047],[0.26151270659098863,-0.42674198083330755],[0.31557661801234155,-0.3891685472159851],[0.27213628766643266,-0.19427522809190959],[0.2936620368584646,-0.061834312342994815],[0.2828346343447955,0.05251281284969853],[0.293608601478338,0.16098445331459826],[0.3601069712041254,0.3469840796673925],[0.22980304087450532,0.4440025896878554],[0.02615972746409165,0.4997955063024598],[-0.044316809842458504,0.4980720992755961],[-0.25065868417848597,0.4328382048450766],[-0.2796588811647912,0.38108860514855414],[-0.279628279198887,0.2000233053080155],[-0.2796128208361962,0.06033837481006515]],"resolution":null},"type":"reactive"},{"normal":[-0.000275867326302176,0.9997639908092512,-0.021722950498899878],"root":[1092.6122033461086,59.944592241970994,2807.463353570902],"cov":[[0.0012040010775008691,-0.000008750510351716915,1.420911897313473e-7],[-0.000008750510351716915,0.0011442907859955207,0.000024860825503941953],[1.420911897313473e-7,0.000024860825503941953,5.40259368075785e-7]],"n":106,"id":"h","colors":{"mean":[163.86792996019688,151.03774204569044,121.00943549624029],"cov":[[26.469631829668078,29.18250401541765,31.459181067472862],[29.18250401541765,37.60699604599101,40.50432430338071],[31.459181067472862,40.50432430338071,46.36534772549286]]},"roughness":0.10582515512953274,"rot":[[0.9997640252113342,-0.0000029966797683300683,0.021722950041294098,0],[-0.0000029966797683300683,0.9999999403953552,0.000275867321761325,0],[-0.021722950041294098,-0.000275867321761325,0.9997639656066895,0],[0,0,0,1]],"poly":{"xy":[[-490.8344473209022,-97.51076291642107],[-464.6655020084022,-187.89479611954607],[-298.7778066959022,-400.8856408461086],[-163.2775625552772,-473.7021691664211],[-33.7839102115272,-499.3341882093898],[141.4040780697228,-480.2809655531398],[293.6657968197228,-405.3061120375148],[333.5703378353478,-372.6476037367336],[394.8652597103478,-282.8650719984523],[394.8066659603478,-124.47853635392107],[394.7480722103478,121.90134645857893],[394.6894784603478,280.2742712632664],[333.3437753353478,373.1034948960789],[178.1484628353478,468.8298132554539],[141.1511483822228,479.2565710679539],[-147.8544668521522,487.7704870835789],[-224.9911856021522,447.2128698960789],[-299.0058340396522,400.9361364976414],[-451.5290273990272,216.87424684920393],[-490.8674063052772,97.29197145857893]],"rhoDist":[500.54044584788454,501.3195106840208,500.0210331994385,501.06566831581034,500.4765382142519,500.673177887022,500.55170210213396,500.1864442669643,485.80197335306866,414.05354697836583,413.23132221686393,484.1574160581693,500.3781376984538,501.5519117575725,499.6206178359347,509.6963222891082,500.6425812590687,500.1947296705791,501.00681822238215,500.52918990276953]},"features":[17.677898805266345,413.23132221686393,0.10582515512953274],"projected":{"root":[2.807463353570902,1.0926122033461085],"xy":[[-0.49093556185579557,-0.09751204700517288],[-0.4647725208070165,-0.1878961551886025],[-0.29892333193688664,-0.40088748892190945],[-0.1634548437348297,-0.47370442052196376],[-0.03399167134422869,-0.4993368266404902],[0.14115492053220485,-0.48028412969162587],[0.2933804852360087,-0.4053097353088456],[0.3332755120647131,-0.37265134783204307],[0.3945557010579411,-0.2828690031917669],[0.39449664650064936,-0.12448247339918816],[0.39443732825547523,0.1218974002126949],[0.39437827373897083,0.2802703191659479],[0.333046768249701,0.37309972309948924],[0.17788779050259707,0.4688265028865664],[0.1408991751020965,0.47925337117137035],[-0.1480382686627485,0.4877681529202681],[-0.22515666383549465,0.4472107684302677],[-0.2991537082758558,0.4009342585911309],[-0.4516403589896612,0.21687283301049715],[-0.49096909682421275,0.09729068005520487]],"resolution":null},"type":"reactive"},{"normal":[-0.0001376038772740547,0.960397740544496,-0.278632663236384],"root":[29.069883079755876,140.76601882207962,3014.583001999628],"cov":[[0.0010993307578842028,0.0000023068910742864385,8.267901359971766e-7],[0.0000023068910742864385,0.00041424554997468866,0.00012018214265579768],[8.267901359971766e-7,0.00012018214265579768,0.000034867695482894105]],"n":84,"id":"h","colors":{"mean":[196.00000351667404,196.00000351667404,98.00000175833702],"cov":[[0.001176470582756926,-5.478368085973403e-12,-2.7391840429867015e-12],[-5.478368085973403e-12,0.001176470582756926,-2.7391840429867015e-12],[-2.7391840429867015e-12,-2.7391840429867015e-12,0.001176470586865702]]},"roughness":0.01219683660631302,"rot":[[0.9603977799415588,-0.000019557732230168767,0.27863267064094543,0],[-0.000019557732230168767,1,0.00013760387082584202,0],[-0.27863267064094543,-0.00013760387082584202,0.9603977203369141,0],[0,0,0,1]],"poly":{"xy":[[-190.63866606212787,-60.82234165214357],[-190.63866606212787,-132.53499385856446],[-190.63866606212787,-260.02415248893556],[-190.63891020275287,-459.22598049186524],[-134.38109770275287,-480.21682521842774],[141.64771089099713,-437.00640651725587],[179.90015229724713,-439.95196315788087],[179.90039643787213,-243.02099391959962],[179.84375581287213,-123.14825222038087],[179.84375581287213,-54.651784630048844],[179.84375581287213,56.654970435869124],[179.84375581287213,125.15143039680663],[179.78687104724713,245.01519992805663],[179.78687104724713,373.44369724250976],[116.37573823474713,368.67001560188476],[-100.06957426525287,352.368562965166],[-100.02025785900287,303.6949484632129],[-100.02025785900287,133.31386020637694],[-190.63866606212787,90.57103946663085],[-190.63866606212787,58.69874790168944]],"rhoDist":[207.59963053131776,238.67323051741602,327.1298930257667,500.29307469649854,500.1902970109564,461.2132312808669,478.1552520525916,306.81744849747065,224.1134277867113,195.06198676607082,195.6369377963899,225.22861680736995,308.35211134052605,417.7447702215995,388.07766513009716,367.4435556729338,321.05071133787794,169.1654164550142,218.17186694527882,206.98284557831585]},"features":[7.783051024206551,169.1654164550142,0.01219683660631302],"projected":{"root":[3.014583001999628,0.029069883079755877],"xy":[[-0.18587408307306924,-0.060819988643399825],[-0.18587268053619346,-0.13253264015717217],[-0.18587018713731976,-0.2600217975561681],[-0.18586652567334153,-0.45922362363029906],[-0.131836238583662,-0.4802155684293714],[0.13326036308322026,-0.43701054864318245],[0.16999797935797017,-0.43995685338637763],[0.16999436230684037,-0.24302588605496173],[0.16993762033899226,-0.12315314440579149],[0.1699362807033952,-0.054656677477043975],[0.1699341037956432,0.056650076513799226],[0.16993276416019534,0.1251465358131523],[0.16987578789571553,0.24501030529921525],[0.16987327612550698,0.3734388013732204],[0.10897346019693711,0.36866635995668207],[-0.09889981215063155,0.3523691406569578],[-0.0988514968394839,0.30369552566060976],[-0.09884816457171994,0.1333144390494278],[-0.18587704398433438,0.0905733910131165],[-0.18587642063457865,0.0587010997560189]],"resolution":null},"type":"ramp"},{"normal":[-0.00018757553291722556,0.9603940910627171,-0.27864521289129823],"root":[-1092.9043149081144,126.7202282818881,2966.857255415483],"cov":[[0.0011901751907486392,0.0000018594946017882823,7.719612414885601e-7],[0.0000018594946017882823,0.00039823561478269967,0.0001155429812515025],[7.719612414885601e-7,0.0001155429812515025,0.00003352344777289872]],"n":88,"id":"h","colors":{"mean":[196.00000351667404,196.00000351667404,98.00000175833702],"cov":[[0.001123595495153679,-5.232149295592576e-12,-2.616074647796288e-12],[-5.232149295592576e-12,0.001123595495153679,-2.616074647796288e-12],[-2.616074647796288e-12,-2.616074647796288e-12,0.001123595503001903]]},"roughness":0.012196837978795456,"rot":[[0.9603940844535828,-0.00002666148793650791,0.27864521741867065,0],[-0.00002666148793650791,1,0.00018757552606984973,0],[-0.27864521741867065,-0.00018757552606984973,0.9603940844535828,0],[0,0,0,1]],"poly":{"xy":[[-142.820146040483,-38.48093899813557],[-142.820146040483,-102.22776517001057],[-142.820146040483,-189.87962063876057],[-142.820390181108,-373.15147122469807],[-63.735917524857996,-396.48240384188557],[102.230391068892,-395.27720364657307],[227.625410600142,-413.94138821688557],[227.625654740767,-311.19480618563557],[227.625654740767,-157.07481106844807],[227.625654740767,-71.45274075594807],[227.625654740767,65.54274264248943],[227.625654740767,159.72712984952068],[227.569014115767,305.29921236905193],[201.988203568892,453.9330624667082],[151.609785600142,476.87208834561443],[-142.819901899858,447.5880917635832],[-142.819901899858,431.6514462557707],[-142.820146040483,192.60103121670818],[-142.820146040483,96.98091402920818],[-142.820146040483,41.20241061123943]],"rhoDist":[153.60551227772308,180.4581487861559,241.184450884857,401.6963257877285,402.00049221551484,409.35415918446427,476.9806546621909,391.1615178803962,284.3247043322653,247.53819235155962,245.9026358146851,285.8090139805408,386.47300352133294,500.2994256611548,502.330221308617,471.6387725492835,456.542651092269,243.32341503518623,177.53185451940826,154.30671586174822]},"features":[8.539247949551108,153.60551227772308,0.012196837978795456],"projected":{"root":[2.966857255415483,-1.0929043149081143],"xy":[[-0.13994905307509303,-0.03847900626515428],[-0.139947353489827,-0.10222583129291987],[-0.13994501656089992,-0.18987768518851997],[-0.1399403647318009,-0.37314953247863875],[-0.0639874810411532,-0.3964825731868392],[0.09540555189405958,-0.3952817979219673],[0.21583468756605956,-0.41394932537515816],[0.2158321826604734,-0.311202745194483],[0.2158280735920126,-0.1570827528433961],[0.21582579078017886,-0.07146068406761595],[0.21582213827668847,0.06553479687206665],[0.21581962718074224,0.15971918238870403],[0.2157613486897732,0.30529126380567345],[0.19118972613717367,0.45392579325817634],[0.14280597871014902,0.47686616188898545],[-0.13996177792769646,0.4475900157662304],[-0.13996135303300725,0.4316533705444442],[-0.13995521406435957,0.19260295980229786],[-0.13995266468971512,0.09698284433095973],[-0.13995117755179368,0.04120434191408725]],"resolution":null},"type":"ramp"},{"normal":[-0.00023709928223866674,0.9997652083832039,-0.021667300026058937],"root":[1103.7592529296876,90.61372256808811,4218.1886610243055],"cov":[[0.0012264967103895934,-0.00001568760628492932,-4.911811488640101e-8],[-0.00001568760628492932,0.0012230527661187638,0.000026502754335546336],[-4.911811488640101e-8,0.000026502754335546336,5.744348922566114e-7]],"n":45,"id":"h","colors":{"mean":[161.22222781181335,148.1777841448784,119.1777784427007],"cov":[[10.345167849134938,10.37439489852556,11.57004788445572],[10.37439489852556,20.145166680877825,21.403862814219043],[11.57004788445572,21.403862814219043,28.492995678976623]]},"roughness":0.19037330103860628,"rot":[[0.9997652173042297,-0.0000025689521407912252,0.021667299792170525,0],[-0.0000025689521407912252,1,0.00023709928791504353,0],[-0.021667299792170525,-0.00023709928791504353,0.9997652173042297,0],[0,0,0,1]],"poly":{"xy":[[-478.2120985243055,-151.4557861328126],[-451.6781629774305,-215.97159423828134],[-397.7946180555555,-306.8554443359376],[-257.5053114149305,-429.08548583984384],[-47.129090711805475,-497.98233642578134],[48.633116319444525,-497.84097900390634],[286.2337022569445,-413.1175292968751],[321.9905381944445,-385.4870361328126],[431.8621202256945,-253.2033447265626],[507.4710069444445,-2.507421875000091],[507.4710069444445,9.461450195312409],[431.6311631944445,254.6285644531249],[357.7659288194445,353.5265136718749],[215.86700303819453,452.9793945312499],[80.97637803819453,469.9491210937499],[-109.31463758680547,467.1740966796874],[-199.49603407118047,460.5927978515624],[-370.6002821180555,336.5682617187499],[-478.3671278211805,155.9662109374999],[-478.2894911024305,146.0747314453124]],"rhoDist":[501.7315514748584,500.7539588008923,502.470790200695,500.4559947302676,500.2088439513802,500.21161081892143,502.62624183833805,502.3200256400384,500.70278876537463,507.59667750809814,507.67869435721457,501.2286517317532,503.0302739970588,501.80866532562226,476.87821899923875,479.79839701117226,501.9583959544474,500.6857448919674,503.2568188267931,500.2060624355873]},"features":[12.03303014937456,476.87821899923875,0.19037330103860628],"projected":{"root":[4.218188661024305,1.1037592529296876],"xy":[[-0.47831611569328353,-0.15145692436397545],[-0.4517882436081023,-0.2159727988202315],[-0.3979171150998508,-0.30685678478727413],[-0.25766042926549426,-0.42908718325165734],[-0.04733342022868953,-0.4979845723472729],[0.048406304968006644,-0.4978434609379066],[0.28595089330855755,-0.41312062399711885],[0.3216992638644917,-0.38549022346738965],[0.43154471222750995,-0.2532068180346561],[0.5071352047131207,-0.0025110964661085927],[0.5071351739656602,0.009457775267742935],[0.4313125048206286,0.25462507746251595],[0.35746435724287534,0.3535232136573709],[0.21559848866116318,0.45297645625255395],[0.08073948746272523,0.46994652886558363],[-0.10950684764748371,0.46717199337805904],[-0.19966705592405037,0.46059092640664245],[-0.3707308163247464,0.3365668333189642],[-0.47847189834736115,0.15596506446255715],[-0.47839425444414113,0.14607358504898726]],"resolution":null},"type":"reactive"},{"normal":[-0.00020806049058452985,0.9997632952506614,-0.021755693056551534],"root":[1024.0825878541862,147.63526324371793,3317.9441610307836],"cov":[[0.0011688383567153005,0.000040825803853293374,0.000001131650606404558],[0.000040825803853293374,0.0009857479388868222,0.0000214592033216715],[0.000001131650606404558,0.0000214592033216715,4.672482094505256e-7]],"n":67,"id":"h","colors":{"mean":[92.2238826996355,92.41791253881668,187.5820935706594],"cov":[[6.172672662048889,5.554872033152017,1.1510095203788404],[5.554872033152017,6.035271449280246,2.4956098868689662],[1.1510095203788404,2.4956098868689662,5.299977419287076]]},"roughness":0.006479879019433068,"rot":[[0.9997633099555969,-0.0000022635178993368754,0.02175569348037243,0],[-0.0000022635178993368754,1,0.0002080604899674654,0],[-0.02175569348037243,-0.0002080604899674654,0.9997633099555969,0],[0,0,0,1]],"poly":{"xy":[[-109.99640712453356,-34.93970455340491],[-109.99640712453356,-78.31830562762366],[-109.93854579640856,-147.7076488893424],[-109.93854579640856,-329.9011303346549],[-66.68756923390856,-419.12738765887366],[22.56218662546644,-415.26752437762366],[68.49260654734144,-209.74188961199866],[68.49260654734144,-83.08386959246741],[68.49260654734144,-46.89588131121741],[68.42864170359144,-19.77442135027991],[68.42864170359144,16.41289554425134],[68.42864170359144,43.55327640362634],[68.42888584421644,88.78740726300134],[68.36467685984144,206.37212405987634],[22.31291904734144,470.81902347393884],[-66.92487392140856,466.11174808331384],[-110.11188564015856,338.06523929425134],[-110.05426845265856,147.22844730206384],[-110.05426845265856,77.82402835675134],[-109.99640712453356,34.46599613018884]],"rhoDist":[115.43727388291029,135.05098368927102,184.14665520855863,347.746063970028,424.4023975408202,415.8801629806658,220.64673144284922,107.6861270728425,83.02175287763899,71.24420667892124,70.38542397473923,81.12721078999532,112.10706077313195,217.40648967861497,471.3478245746146,470.8936964973652,355.55315346019626,183.8306282104068,134.81138862919624,115.29457243607555]},"features":[7.771609487581021,70.38542397473923,0.006479879019433068],"projected":{"root":[3.3179441610307836,1.0240825878541862],"xy":[[-0.11018785067758143,-0.034941535423120854],[-0.11018775248933804,-0.07832013555831668],[-0.11012974779198571,-0.14770947744892438],[-0.110129335393765,-0.329902954950268],[-0.06688839364133313,-0.419129308242356],[0.022340229572085233,-0.41526964706308783],[0.0682593133287189,-0.20974412071083753],[0.06825902663601356,-0.08308610343309088],[0.06825894472385148,-0.046898115935207554],[0.06819493362958692,-0.019776656416586675],[0.06819485171894456,0.016410659694592458],[0.06819479028620457,0.043551039966455665],[0.06819493198077717,0.08878516984608824],[0.0681304720384634,0.20636988424292796],[0.022089015318552858,0.4708168821714516],[-0.06712764591752202,0.4661098088740744],[-0.11030414616478934,0.3380634006114307],[-0.1102461106517945,0.14722661261989753],[-0.11024595355364447,0.0778221951769926],[-0.11018800777863268,0.03446416375803758]],"resolution":null},"type":"step"},{"normal":[-0.00013769627593545776,0.9605094715445129,-0.2782472571527275],"root":[-1031.9697663680367,179.32487321936566,4087.4591435971465],"cov":[[0.0011836020419677229,0.000008700991567324208,0.0000026902437800331275],[0.000008700991567324208,0.0003399281541748691,0.00009847406759059658],[0.0000026902437800331275,0.00009847406759059658,0.00002852705825045139]],"n":46,"id":"h","colors":{"mean":[196.00000351667404,196.00000351667404,98.00000175833702],"cov":[[0.002127659564560398,-4.953843481997226e-12,-2.476921740998613e-12],[-4.953843481997226e-12,0.002127659564560398,-2.476921740998613e-12],[-2.476921740998613e-12,-2.476921740998613e-12,0.0021276595719911637]]},"roughness":0.013843424004936326,"rot":[[0.9605094790458679,-0.000019542680092854425,0.27824726700782776,0],[-0.000019542680092854425,1,0.00013769627548754215,0],[-0.27824726700782776,-0.00013769627548754215,0.9605094790458679,0],[0,0,0,1]],"poly":{"xy":[[-221.25943656589652,-71.35249925696326],[-221.25968070652152,-152.33882738196326],[-221.25968070652152,-304.18794847571326],[-221.25968070652152,-425.66731859290076],[-141.06827445652152,-444.18965746008826],[129.62679390285348,-421.20039964758826],[165.10775093410348,-428.94026781165076],[165.10775093410348,-224.82869554602576],[165.10775093410348,-117.40157152258826],[165.10775093410348,-52.945272694463256],[165.10775093410348,43.739114512567994],[165.10775093410348,118.938089121943],[165.10775093410348,226.3652131453805],[165.10775093410348,333.792337168818],[94.52083687160348,341.1532990828805],[-108.50406547214652,362.31913160241174],[-221.25943656589652,374.0717561141305],[-221.25943656589652,303.20878003991174],[-221.25943656589652,151.3595979110055],[-221.25943656589652,70.37333082116174]],"rhoDist":[241.17001853884545,276.1892741491381,381.58419614966306,484.01559097086874,467.8504913673483,442.29226220880315,462.1008911921407,283.01629133108526,208.17032196766314,179.8772906744095,177.38961700475946,209.04848011885747,284.2493322938691,375.46674242564984,355.0705330257026,379.5168049952337,439.31001428415635,380.7892803262952,275.64003824055567,240.87672749569032]},"features":[6.316762925406069,177.38961700475946,0.013843424004936326],"projected":{"root":[4.087459143597147,-1.0319697663680367],"xy":[[-0.21530286478236535,-0.07134955152709044],[-0.21530151659177865,-0.15233587886409317],[-0.2152985490528528,-0.3041849984892966],[-0.21529617502028078,-0.4256643674316461],[-0.13827120702898466,-0.4441882732747695],[0.12173352337677021,-0.42120430579195606],[0.15581347026566336,-0.4289448672741885],[0.15580948137832865,-0.2248332969825451],[0.15580738196431865,-0.11740617399804504],[0.15580612231543547,-0.05294987579328274],[0.1558042328433036,0.04373451047870504],[0.15580276325373515,0.11893348436082395],[0.15580066383972513,0.22636060734532398],[0.1557985644257151,0.333