[{"normal":[-0.00022211284336299644,0.960477677902058,-0.27835693078807183],"root":[0.11163173049514019,145.21498125756693,2090.1481476722406],"cov":[[0.0011865191037331798,-1.3516275653915356e-7,2.3521383886928185e-7],[-1.3516275653915356e-7,0.00042935752835800855,0.00012443247410408927],[2.3521383886928185e-7,0.00012443247410408927,0.00003606199438899188]],"n":171,"id":"h","colors":{"mean":[196.00000351667404,196.00000351667404,98.00000175833702],"cov":[[0.0005813953380078771,-5.41466613148534e-12,-2.70733306574267e-12],[-5.41466613148534e-12,0.0005813953380078771,-2.70733306574267e-12],[-2.70733306574267e-12,-2.70733306574267e-12,0.0005813953461298762]]},"roughness":0.006698041896907675,"rot":[[0.9604777097702026,-0.00003153652141918428,0.2783569395542145,0],[-0.00003153652141918428,1,0.00022211283794604242,0],[-0.2783569395542145,-0.00022211283794604242,0.9604776501655579,0],[0,0,0,1]],"poly":{"xy":[[-227.5642853675531,-71.29864344924513],[-227.5642853675531,-160.43397364944045],[-227.5644074378656,-308.99285731643266],[-227.5644074378656,-427.8399642500264],[-139.8135529456781,-437.97329554885454],[133.0303191246344,-417.3196700605733],[141.6345671715094,-418.2015059980733],[141.6345671715094,-189.50077662795607],[141.6345671715094,-98.02049098342482],[141.6345671715094,-45.74603877395217],[141.6348113121344,45.73425449997361],[141.6348113121344,98.00870670944627],[141.6348113121344,189.48899998337205],[141.6052702965094,411.6496597734111],[133.0007781090094,417.3027359452861],[-139.8374787269281,431.89642491012984],[-227.5863800941156,421.9115005937236],[-227.5865021644281,309.0081802812236],[-227.5865021644281,160.45117344528612],[-227.5866242347406,71.31698002487596]],"rhoDist":[247.4333272492351,286.1476934516222,389.3852824816424,489.0742266528002,461.53728332663826,439.6973892275081,443.4333175115959,240.1121454840329,177.0660655351821,154.3945957132159,154.3948175967557,177.06626097915296,240.11229295680775,437.2628953453377,439.6842954890917,455.7695040931168,483.8880996745642,389.3926357459387,286.160722354525,247.44945664680893]},"features":[7.5746552894975485,154.3945957132159,0.006698041896907675],"projected":{"root":[2.0901481476722408,0.0001116317304951402],"xy":[[-0.22135174290634452,-0.07129368619717791],[-0.22134893188795413,-0.160429014154342],[-0.22134436410311686,-0.30898789407909916],[-0.22134061607859634,-0.42783499802198466],[-0.13705755734379144,-0.43797109642265464],[0.12500224685450767,-0.4173260760011532],[0.13326646306522297,-0.4182081832645287],[0.13325925063941263,-0.18950745964951307],[0.13325636566928098,-0.09802717630702232],[0.13325471711481685,-0.04575272541300145],[0.13325206663607134,0.04572756555118431],[0.13325041808160729,0.09800201644520519],[0.133247533111235,0.18948230741709032],[0.13321215344964552,0.4116429625482251],[0.12494755227897614,0.41729630993360994],[-0.137107970189651,0.43189860290117343],[-0.22138851853161132,0.4219164461312767],[-0.22138507519926762,0.3090131286637633],[-0.22138039022780576,0.160456125566164],[-0.22137769649107877,0.07132193439260617]],"resolution":null},"type":"ramp"},{"normal":[-0.00035733000636635855,0.9702652847236023,0.2420436935255567],"root":[7.6295122321074205,133.73010130723318,1468.6322854359944],"cov":[[0.001197052552093007,0.0000017779431686454434,-2.6767270746524874e-9],[0.0000017779431686454434,0.0005681599242935536,-0.0001417332903093028],[-2.6767270746524874e-9,-0.0001417332903093028,0.00003535698503252286]],"n":192,"id":"h","colors":{"mean":[167.00000524520874,167.00000524520874,84.00000259280205],"cov":[[0.0005181346908983789,-2.4127527839779235e-11,-1.2063763919889617e-11],[-2.4127527839779235e-11,0.0005181346908983789,-1.2063763919889617e-11],[-1.2063763919889617e-11,-1.2063763919889617e-11,0.0005181347102004012]]},"roughness":0.003012004256329015,"rot":[[0.9702653288841248,0.00004389737659948878,-0.24204368889331818,0],[0.00004389737659948878,0.9999999403953552,0.00035733002005144954,0],[0.24204368889331818,-0.00035733002005144954,0.97026526927948,0],[0,0,0,1]],"poly":{"xy":[[-175.8507912953694,-53.12477819280078],[-175.8274758656819,-126.09135763005663],[-175.7926858266194,-240.10709707097462],[-158.2820657094319,-426.6161760504668],[-140.4840920766194,-449.37005178288865],[47.95768038431811,-459.2957414801543],[239.8704001108806,-435.0518449957793],[239.8317038218181,-328.1579546149199],[239.7541891733806,-170.63752309636524],[239.7347799936931,-75.0087083990996],[239.6572653452556,76.86508615656446],[239.6184469858806,172.48291452570507],[239.5604635874431,324.33771188898635],[239.5215231577556,436.8167768303926],[127.29813448588061,414.0975690667207],[-36.25350125630689,420.32843454523635],[-149.6923440297444,413.5460248772676],[-175.9438088734944,238.712879735666],[-175.8973000844319,124.72038705988477],[-175.8857034047444,56.31971414728711]],"rhoDist":[188.8612028893343,220.7583174180028,300.78228328715625,456.7287101590693,472.1078402714365,461.95218300606905,500.4076322696425,410.8543250930012,300.3058814761122,258.22467687151493,258.67909506639734,301.21936420360635,407.6050416996364,501.72860543527634,434.37405286100034,421.98911888688275,441.39963691837016,299.7907675276892,220.05468213262236,189.82850219248803]},"features":[8.225664594520751,188.8612028893343,0.003012004256329015],"projected":{"root":[1.4686322854359943,0.007629512232107421],"xy":[[-0.1682038245843017,-0.05313606743824132],[-0.1681844054720849,-0.12610264112334918],[-0.16815565489437262,-0.24011837164818783],[-0.15117389420491983,-0.42662666987053677],[-0.13390613593258435,-0.44937976284404685],[0.04893195057845299,-0.4592971797988709],[0.2351392769065171,-0.43504486042096907],[0.23510642359930253,-0.3281509786661256],[0.2350381285553348,-0.1706305607585074],[0.2350234943547848,-0.07500175311056129],[0.23495495143827547,0.07687202820010147],[0.23492148470094096,0.1724898486686225],[0.23487189144561268,0.32434463364550425],[0.23483904643171277,0.4368236895882255],[0.12595158368302684,0.41409955698468687],[-0.03273662781784168,0.42032324257187864],[-0.14280270398161085,0.41353585367600054],[-0.16828126541007093,0.23870156749420787],[-0.1682411435148219,0.12470908424742179],[-0.16823289426835786,0.05630841627665227]],"resolution":null},"type":"ramp"},{"normal":[-0.00017053069406708506,0.960464119572182,-0.27840374626379505],"root":[6.516784657408217,137.00682313101632,1121.2643424442836],"cov":[[0.001186569875534831,9.258532571202619e-7,4.790471505711343e-7],[9.258532571202619e-7,0.00040361156948438495,0.00011699253368914277],[4.790471505711343e-7,0.00011699253368914277,0.000033911997760223944]],"n":448,"id":"h","colors":{"mean":[196.00000351667404,196.00000351667404,98.00000175833702],"cov":[[0.00022271714092362963,0,0],[0,0.00022271714092362963,0],[0,0,0.0002227171471462749]]},"roughness":0.004203463421626006,"rot":[[0.9604641199111938,-0.00002421690987830516,0.27840375900268555,0],[-0.00002421690987830516,1,0.0001705306931398809,0],[-0.27840375900268555,-0.0001705306931398809,0.9604641199111938,0],[0,0,0,1]],"poly":{"xy":[[-323.94781412397106,-103.87953184979104],[-323.9478751591273,-235.1155853165879],[-296.7069083622523,-393.3057250870957],[-218.4116202763148,-445.30319212811133],[-138.68170084272106,-427.25244139568946],[46.46576009477894,-458.1339721574082],[120.71368489946644,-367.8788146867051],[120.70294271196644,-162.59791563885352],[120.70294271196644,-86.73451994793557],[120.70294271196644,-37.64643858807228],[120.70306478227894,38.216960917542956],[120.69207845415394,87.30413819415428],[120.69220052446644,163.1668090925918],[120.69220052446644,368.44226075274804],[64.62884603227894,430.8541870222793],[-130.83343424115856,423.8785095320449],[-275.86016763959606,410.71743775470117],[-293.2634269169398,396.2792663679824],[-323.9532462528773,233.58268738849023],[-323.9477530888148,102.34857178790428]],"rhoDist":[352.9211034485642,411.15114401243625,500.13102809177957,500.0156170876024,450.9981037756136,460.67891977983084,388.7494187399819,205.49844884599133,152.6930554412668,131.18703683943534,131.354905164765,153.017017433008,205.95240974234042,389.2874907937548,436.0805498767309,445.22229284038,501.1695746883362,500.2549213754748,410.26295211260174,352.4655760077355]},"features":[7.970801981750866,131.18703683943534,0.004203463421626006],"projected":{"root":[1.1212643424442836,0.006516784657408217],"xy":[[-0.3139217787065359,-0.103873390600611],[-0.31391865919685596,-0.23510944211922824],[-0.28775085672546563,-0.39330023923526297],[-0.21254978140795072,-0.44529960157495213],[-0.13597249048633683,-0.4272507819226091],[0.0418557531756913,-0.458136795925731],[0.11316603630358148,-0.36788343784918387],[0.11315074754860735,-0.16260254158624196],[0.11314891037154526,-0.08673914702065035],[0.11314772160987337,-0.03765106638893942],[0.11314600167687595,0.038212331988393244],[0.11313426096296529,0.08729950880292053],[0.11313254104761246,0.1631621785730863],[0.11312756991037604,0.3684376271882711],[0.05927921724212199,0.43085091021324645],[-0.12845512366032602,0.42387996631902986],[-0.26774778089905565,0.41072240683633177],[-0.2844626376088049,0.3962846571169549],[-0.3139351683638772,0.23358882376344417],[-0.31392671429198143,0.10235470997650352]],"resolution":null},"type":"ramp"},{"normal":[-0.00035586029919149146,0.9702352908806672,0.2421638984100533],"root":[7.189794044284261,160.0493220908969,2467.7474149816176],"cov":[[0.0011802775477034856,5.345512435759721e-7,2.994788078124036e-7],[5.345512435759721e-7,0.0006167434192372665,-0.0001539346196736584],[2.994788078124036e-7,-0.0001539346196736584,0.000038421113666800355]],"n":51,"id":"h","colors":{"mean":[167.00000524520874,167.00000524520874,84.00000259280205],"cov":[[0.0019230769051668737,-1.7910049511836126e-11,-1.1193780944897579e-11],[-1.7910049511836126e-11,0.0019230769051668737,-1.1193780944897579e-11],[-1.1193780944897579e-11,-1.1193780944897579e-11,0.0019230769174800326]]},"roughness":0.0032490453708675098,"rot":[[0.9702353477478027,0.00004373920091893524,-0.24216389656066895,0],[0.00004373920091893524,0.9999999403953552,0.00035586030571721494,0],[0.24216389656066895,-0.00035586030571721494,0.970235288143158,0],[0,0,0,1]],"poly":{"xy":[[-117.81430951286757,-34.20045421579305],[-117.78135052849257,-81.6543555066866],[-117.71567670036757,-156.2285208509249],[-117.51963177849257,-359.637486915378],[-89.00449505974257,-438.8199515149874],[0.1366182215074332,-431.9624075696749],[95.34731158088243,-292.763463477878],[95.19228228400743,-124.27432010629597],[95.11488970588243,-65.67382953622761],[95.07607134650743,-29.05048320749227],[95.03749712775743,29.544809837551675],[94.99867876838243,66.165491600247],[94.92128619025743,124.75535060903606],[196.84975298713243,288.74688198110636],[94.65004595588243,395.69964077016886],[-89.70810834099257,376.56316616079386],[-118.14170209099257,358.926477928372],[-117.97788373161757,162.37739040395792],[-117.91245404411757,81.03821804067668],[-117.84678021599257,33.58868267080363]],"rhoDist":[126.15075910775474,146.29637678037582,197.79911863190688,379.47673494839233,448.29813015163603,431.9624691645078,308.8251806602966,158.34255013251587,118.00165119155649,102.20927951722317,102.30873060983082,118.16740181364658,158.5329066590188,352.88387312407383,407.53837137958027,387.7562504611345,379.0289921748358,202.8691620742137,146.07733466878724,126.02278693506223]},"features":[7.032337136770654,102.20927951722317,0.0032490453708675098],"projected":{"root":[2.4677474149816176,0.0071897940442842605],"xy":[[-0.11188746534905716,-0.034209163724316996],[-0.11185756297287178,-0.08166306052351913],[-0.1117971057173215,-0.1562372182019943],[-0.11161579294856501,-0.359646162617521],[-0.08395286252467309,-0.43882737489839474],[0.0025352971222103084,-0.43196593243278153],[0.09491816645893547,-0.292762832848323],[0.09477512113452526,-0.12427370708721079],[0.09470259525763561,-0.06567322366876896],[0.09466653418884602,-0.029049881391877252],[0.09463167102931552,0.02954540619975826],[0.09459560984397995,0.0661660839107812],[0.09452308350207432,0.12475593576862706],[0.19342485854374403,0.28875191486986196],[0.09427176752370144,0.3957001966510286],[-0.08459986880044909,0.3765556595932866],[-0.11218791814547867,0.3589177288317887],[-0.11203757268142872,0.1623686611058194],[-0.111977648195746,0.08102949683244244],[-0.11191600453055407,0.033579967384901335]],"resolution":null},"type":"ramp"},{"normal":[0.026690571446823963,0.9996432907222721,0.0009511623358209385],"root":[66.28232150919297,129.61052569221047,4297.848288143382],"cov":[[0.0009944867066705944,0.00047587774811572566,-0.00002700568866747025],[0.00047587774811572566,0.0013630494306091502,-0.000014002925289660197],[-0.00002700568866747025,-0.000014002925289660197,0.00003723020214528402]],"n":34,"id":"h","colors":{"mean":[99.02941469103098,99.352943636477,95.47059047967196],"cov":[[575.4020536693185,518.2756520547671,492.4437047542755],[518.2756520547671,497.88186180734004,470.21008211612104],[492.4437047542755,470.21008211612104,478.9877173298244]]},"roughness":13.691518026646337,"rot":[[0.9999995231628418,-0.000012695797522610519,-0.0009511623647995293,0],[-0.000012695797522610519,0.9996437430381775,-0.026690570637583733,0],[0.0009511623647995293,0.026690570637583733,0.9996432662010193,0],[0,0,0,1]],"poly":{"xy":[[-54.77846392463198,-11.592547949622656],[-257.888327205882,-181.68583255655625],[-262.619528377757,-317.48244052774766],[-181.70082720588198,-375.05295139200547],[-35.45863970588198,-372.7057223880992],[119.45835248161802,-370.7473483646617],[259.770364200368,-285.30524021036484],[259.770364200368,-285.30524021036484],[27.11948529411802,-10.883739050696875],[254.57798138786802,-77.69191413767197],[262.546731387868,3.3024486934437505],[245.17075482536802,176.03074306600234],[315.252297794118,391.49538845174453],[15.527688419118022,44.468670312096094],[15.527688419118022,44.468670312096094],[-25.04164751838198,109.43523830526016],[-77.05141314338198,206.60934108846328],[-59.34535845588198,75.57098049276016],[-253.21913775275698,176.0722622310414],[-253.21913775275698,70.75184291951797]],"rhoDist":[56.9687775301653,316.102727223268,412.11655668957263,416.9651929666765,374.4356071972889,389.61218057190126,386.2037294435234,386.2037294435234,30.06468665642187,266.77381041004276,262.6255992790593,301.82138565040026,503.57678752052357,48.2141354086244,48.2141354086244,112.61481863707897,223.22423217971516,96.52291453333136,310.0251845013657,264.80360671522794]},"features":[8.712313888912355,30.06468665642187,13.691518026646337],"projected":{"root":[4.297848288143382,0.06628232150919297],"xy":[[-0.054768780340905994,-0.011320816854344447],[-0.2578763922581288,-0.18135092592314137],[-0.26260586724320467,-0.3170990953572317],[-0.18168647177828226,-0.37465012366053235],[-0.035444380243396495,-0.37230558753421655],[0.11947251699102299,-0.37034987798968577],[0.25978338047192273,-0.2849399905439126],[0.25978338047192273,-0.2849399905439126],[0.02712912282540293,-0.010613300233217235],[0.25458836419189634,-0.07740056221771173],[0.2625560822985215,0.0035648446478343952],[0.24517792067408462,0.1762318239855714],[0.3152566964399453,0.3916188188760782],[0.015536628451964216,0.04471953662211707],[0.015536628451964216,0.04471953662211707],[-0.025033513932915606,0.10966347489099686],[-0.0770444897295774,0.20680361904065686],[-0.059336779416436454,0.07581171696501392],[-0.253211746941835,0.1762796558162737],[-0.2532104098151193,0.07099675762474698]],"resolution":null},"type":"preview"},{"normal":[0.012096915024472856,0.9996907354850844,0.021727817013723838],"root":[-18.835704531859268,103.01892741810192,3300.513117009943],"cov":[[0.0012598048033926684,0.0003023324728865364,-0.00002181552306940881],[0.0003023324728865364,0.0014500242150776185,-0.000035174029123376744],[-0.00002181552306940881,-0.000035174029123376744,0.000020896348256602024]],"n":55,"id":"h","colors":{"mean":[101.9090938852592,101.05454820529981,97.6545482697812],"cov":[[858.1187506777354,758.0763617076196,734.3620814135336],[758.0763617076196,711.3381998625018,659.3578451778594],[734.3620814135336,659.3578451778594,651.7953522752342]]},"roughness":15.11204279761096,"rot":[[0.9997639060020447,-0.00013144010154064745,-0.02172781713306904,0],[-0.00013144010154064745,0.9999268054962158,-0.012096915394067764,0],[0.02172781713306904,0.012096915394067764,0.9996907114982605,0],[0,0,0,1]],"poly":{"xy":[[-275.654962713068,-81.86126354675402],[-274.986505681818,-199.1353342865001],[-280.207941228693,-231.78273418884385],[-192.35027521306802,-289.3246348236095],[-49.41033380681802,-282.2599985931407],[2.3567560369319835,-248.81523540954697],[214.01373845880698,-349.59108379821885],[228.99420720880698,-206.47182110290635],[264.904363458807,-171.2001536224376],[265.683660333807,-57.1254923675548],[85.55548650568198,9.856490817259658],[268.237371271307,171.22195025939834],[387.569890802557,332.9013783599843],[166.40875799005698,336.8819081451405],[30.162664240056984,372.583446231078],[-13.435724431818016,333.1402089263905],[-221.87835138494302,317.3406483795155],[-231.12883966619302,307.91233417053115],[-280.934747869318,194.74541827697647],[-279.945245916193,85.82245990295301]],"rhoDist":[288.38376956759066,339.78914663170593,363.65860547822984,347.6984808475759,286.7186960000149,249.2565635588871,410.860065756715,309.1193958730816,315.41056745289393,271.75568513606686,88.2519108148655,318.22837005194725,511.48483111840955,376.8537174985613,375.16065042401254,335.0253014406886,388.1797189276777,385.7207927377844,342.0099509207599,292.8191599340252]},"features":[10.703642820210675,88.2519108148655,15.11204279761096],"projected":{"root":[3.300513117009943,-0.018835704531859267],"xy":[[-0.2753618465441154,-0.0816980717550577],[-0.27467813280996495,-0.19896364835853492],[-0.27989404447389715,-0.23160797285102405],[-0.1920495570679199,-0.28915721064814465],[-0.04914429028894015,-0.2821118794412468],[0.0026061821112393136,-0.24867636798334042],[0.2142264413717067,-0.34947266191252374],[0.2291845618392955,-0.2063658415750008],[0.2650816041096893,-0.1711014752742515],[0.2658457230187633,-0.0570352643189977],[0.08575127072591493,0.009965493257486144],[0.26836881705072163,0.17129513241216132],[0.38765191274107375,0.3329470438964601],[0.16654246966893205,0.33695635183251654],[0.030323849035326998,0.3726731855164553],[-0.013259062265006156,0.33323856520482453],[-0.22165040223576546,0.31746755857421033],[-0.23089746735206593,0.30804115020489137],[-0.2806767424302555,0.19488906224591368],[-0.279673157239357,0.08597394468399334]],"resolution":null},"type":"preview"},{"normal":[-0.0003349587253578769,0.9997642335224162,-0.02171094590265253],"root":[1037.2892671472887,147.15810573802275,3294.811322380515],"cov":[[0.0011901424742471439,0.000004399210207005449,4.942761547347408e-7],[0.000004399210207005449,0.0009795625866322259,0.00002127371951039223],[4.942761547347408e-7,0.00002127371951039223,4.6219415656999174e-7]],"n":68,"id":"h","colors":{"mean":[93.00000205636024,92.91176676750183,186.86765111982822],"cov":[[7.392752742072892,7.3623179629212245,1.2173911592200992],[7.3623179629212245,7.703920650417728,1.5682010065723697],[1.2173911592200992,1.5682010065723697,2.2305623941055996]]},"roughness":0.00758612139421854,"rot":[[0.9997642636299133,-0.000003636564088083105,0.021710945293307304,0],[-0.000003636564088083105,0.9999999403953552,0.00033495872048661113,0],[-0.021710945293307304,-0.00033495872048661113,0.9997642040252686,0],[0,0,0,1]],"poly":{"xy":[[-86.92142980238987,-22.138083065257433],[-86.92142980238987,-56.84035357306993],[-86.86356847426487,-117.55202349494493],[-86.80570714613987,-265.02480181525743],[-86.74760167738987,-412.5030122644762],[0.6022518382351336,-425.99538286994493],[91.62520105698513,-231.99550494025743],[91.56148035386013,-96.30879839728868],[91.56148035386013,-60.12148150275743],[91.56148035386013,-23.934164608226183],[91.49727136948513,12.232583438648817],[68.38057215073513,42.65091839958632],[91.49751551011013,111.74576703239882],[91.36982996323513,274.5343412511488],[22.629839728860134,449.6680082433363],[-43.851361443014866,435.3469633214613],[-87.03715245863987,264.1066068761488],[-86.97929113051487,116.64920941521132],[-86.97929113051487,55.92142621208632],[-86.92142980238987,21.239663516773817]],"rhoDist":[89.71643273027561,103.87390576114552,146.17627639129935,278.88580440364086,421.53050970763064,425.9958251520937,249.4409215323396,132.90122538687822,109.55347541341516,94.65852366724621,92.33301847505008,80.60542222776417,144.4401905939592,289.3473544457407,450.23753028154584,437.5507023374718,278.08462267628175,145.51936558636982,103.42188384654787,89.4988450897405]},"features":[7.793574391029062,80.60542222776417,0.00758612139421854],"projected":{"root":[3.294811322380515,1.0372892671472886],"xy":[[-0.08711797047227963,-0.02214111531509871],[-0.08711784427524945,-0.05684338387593033],[-0.08705977580376201,-0.11755505060197603],[-0.08700139181994483,-0.2650278208587023],[-0.08694276373329486,-0.41250602324491786],[0.0003865495817081611,-0.4259987107467324],[0.09138733825422407,-0.2319991747122508],[0.09132313913732756,-0.09631247555029931],[0.09132300753983104,-0.0601251606860679],[0.09132287594233453,-0.023937845821836484],[0.09125855056998658,0.012228900429392795],[0.06814718957879161,0.04264731774905873],[0.09125843276699684,0.11174207843903916],[0.09113018532584916,0.27453064398882593],[0.02240576093536261,0.44966455113246756],[-0.044059717848436014,0.4353437487772266],[-0.08723470679865472,0.26410355898729965],[-0.08717632287077105,0.11664616958908548],[-0.08717610203029644,0.05591838979311023],[-0.08711812821823442,0.021236628833211587]],"resolution":null},"type":"step"},{"normal":[-0.0002589113978774195,0.999768043852905,-0.021535817965051163],"root":[1064.581257539637,90.27246991325828,4201.51655847886],"cov":[[0.0012296848717544163,-0.00003532308540772492,-4.4243473366622984e-7],[-0.00003532308540772492,0.000660589607012172,0.000014220490506986361],[-4.4243473366622984e-7,0.000014220490506986361,3.062818912838138e-7]],"n":34,"id":"h","colors":{"mean":[162.67647609114647,150.14706507325172,121.02941282093525],"cov":[[9.81546101511323,10.617645793095496,10.752102157776244],[10.617645793095496,19.553274980324453,15.910085298157563],[10.752102157776244,15.910085298157563,19.687739129802544]]},"roughness":0.08885275120459918,"rot":[[0.999768078327179,-0.0000027882576887350297,0.02153581753373146,0],[-0.0000027882576887350297,0.9999999403953552,0.0002589114010334015,0],[-0.02153581753373146,-0.0002589114010334015,0.9997680187225342,0],[0,0,0,1]],"poly":{"xy":[[-487.70479090073513,-117.49983664119941],[-408.25459558823513,-292.19643087948066],[-353.76509363511013,-354.4687087115119],[-182.55903894761013,-466.0235182818244],[-30.456988166360134,-502.0655104693244],[131.09769933363987,-484.5904128130744],[267.71098058363987,-424.07216330135566],[338.55228917738987,-369.49257345760566],[448.41898839613987,-225.85817404354316],[485.97123448988987,-125.19923849666816],[485.97123448988987,124.47880105411309],[411.12894933363987,284.9110520306756],[374.54935948988987,334.4529221478631],[374.54935948988987,334.4529221478631],[64.91117589613987,499.4541428509881],[-62.017535041360134,504.9546311322381],[-269.89375574448513,421.1971848431756],[-298.28120691636013,402.4327805463006],[-408.41377527573513,289.4508469525506],[-487.85811121323513,109.32633523380059]],"rhoDist":[501.77304908857246,502.12633740120657,500.857661614247,500.52230481415256,502.9891393540695,502.01759443988834,501.5360515480612,501.1934349008101,502.1802333899881,501.94969806018713,501.77123941337095,500.2819037152227,502.2079485420577,502.2079485420577,503.6568085454167,508.7502785206619,500.2829697726972,500.9635990637293,500.6610116721129,500.0699742729044]},"features":[12.07477291315104,500.0699742729044,0.08885275120459918],"projected":{"root":[4.20151655847886,1.064581257539637],"xy":[[-0.4878067116849078,-0.11750106196975416],[-0.4083744555711815,-0.29219787187957563],[-0.35389741733525903,-0.35447029955492604],[-0.18273075816192794,-0.46602558275236794],[-0.030663882793298288,-0.5020679978314092],[0.1308532877943141,-0.48459335121705815],[0.26743471659294993,-0.42407548464703787],[0.33825944330244223,-0.36949609415670176],[0.4481002614581113,-0.2258620058941466],[0.4856435176732916,-0.12520317842684545],[0.4856428215065644,0.1244748527543674],[0.4108174466431315,0.2849073070325904],[0.37424620229840033,0.33444927748238745],[0.37424620229840033,0.33444927748238745],[0.06467937073926,0.49945135600549645],[-0.06221991789510787,0.5049521980123233],[-0.27004769386196864,0.4211953341434133],[-0.2984285090216368,0.4024310096270789],[-0.4085352201238369,0.289449386898633],[-0.48796062888878855,0.10932510272920158]],"resolution":null},"type":"reactive"},{"normal":[-0.0001375062974558941,0.9605095223775035,-0.2782470817711446],"root":[-1017.5664767795139,179.16336703830297,4086.8963758680557],"cov":[[0.0011316664419684325,-0.00002187124127639092,-0.000006173804277129884],[-0.00002187124127639092,0.0003579089181126604,0.0001036784146864165],[-0.000006173804277129884,0.0001036784146864165,0.00003003340073418286]],"n":45,"id":"h","colors":{"mean":[196.00000351667404,196.00000351667404,98.00000175833702],"cov":[[0.0021739130333551897,-5.061535731605861e-12,-2.5307678658029307e-12],[-5.061535731605861e-12,0.0021739130333551897,-2.5307678658029307e-12],[-2.5307678658029307e-12,-2.5307678658029307e-12,0.002173913040947493]]},"roughness":0.014217760566263624,"rot":[[0.9605095386505127,-0.00001951570447999984,0.27824708819389343,0],[-0.00001951570447999984,1,0.00013750630023423582,0],[-0.27824708819389343,-0.00013750630023423582,0.9605095386505127,0],[0,0,0,1]],"poly":{"xy":[[-220.61488172743066,-65.53276638454861],[-220.61488172743066,-156.6443386501736],[-220.61488172743066,-298.3733425564236],[-220.61512586805566,-440.1022243923611],[-140.50575086805566,-458.5928249782986],[130.18956163194434,-435.6035671657986],[165.67051866319434,-443.3434353298611],[165.67051866319434,-217.7465115017361],[165.67051866319434,-110.31938747829861],[165.67051866319434,-45.86308865017361],[165.67051866319434,50.82135959201389],[165.67051866319434,115.27759738498264],[165.67051866319434,222.70472140842014],[165.67051866319434,319.38916965060764],[95.08311631944434,326.7500705295139],[-107.94129774305566,347.9159640842014],[-220.69666883680566,359.6685275607639],[-236.49427625868066,320.92420383029514],[-220.69666883680566,157.2029513888889],[-220.69691297743066,66.09345431857639]],"rhoDist":[238.88056802621855,278.0440696464167,376.56382147894374,496.45376602905503,481.36831676656897,456.20330721444253,475.71256382483006,277.78713669987485,204.75350421142002,178.48793089430623,179.829535943095,207.47449152661926,281.70128642601577,362.99999645689167,341.424372361988,365.6111103576557,426.7970580407576,404.4947128737159,278.4075476420325,239.0985552454516]},"features":[6.321591635620878,178.48793089430623,0.014217760566263624],"projected":{"root":[4.086896375868056,-1.0175664767795138],"xy":[[-0.21468388870464494,-0.06552983536049037],[-0.21468211059805511,-0.1566414067473969],[-0.21467934465658847,-0.29837040928675246],[-0.21467681321690169,-0.44009928975103224],[-0.13773063406797167,-0.4585914535495894],[0.1222743452103528,-0.43560747876874073],[0.15635429369311465,-0.44334803929405625],[0.15634989101004232,-0.21775111764168337],[0.15634779449395325,-0.1103239946543184],[0.15634653658382336,-0.04586769644783718],[0.15634464971862855,0.05081675086188466],[0.1563433918096898,0.11527298803321026],[0.15634129529360075,0.2227001110205752],[0.15633940842840593,0.31938455833029705],[0.08853939198339524,0.3267468367011506],[-0.10646790602414247,0.34791669221633015],[-0.2147707441059237,0.35967145608013434],[-0.22994374049497263,0.32092744102478243],[-0.21476679284741446,0.15720588186092288],[-0.214765249280721,0.06609638567407344]],"resolution":null},"type":"ramp"},{"normal":[-0.0002919692895199408,0.9997649887969678,-0.02167676012997623],"root":[-1057.0307132496553,147.08248093548943,3318.985470042509],"cov":[[0.0012053117542374357,0.000009018920681354339,5.4754367567367e-7],[0.000009018920681354339,0.0009946690691527993,0.00002156890500290836],[5.4754367567367e-7,0.00002156890500290836,4.678651890006848e-7]],"n":68,"id":"h","colors":{"mean":[92.22059033811092,92.0441197603941,186.82353347539902],"cov":[[6.257842391431062,5.323741905851816,2.574594748493257],[5.323741905851816,5.753153619540694,1.7178173570225581],[2.574594748493257,1.7178173570225581,4.318584310577886]]},"roughness":0.007689492919615266,"rot":[[0.9997650384902954,-0.000003164846020808909,0.02167676016688347,0],[-0.000003164846020808909,0.9999999403953552,0.00029196927789598703,0],[-0.02167676016688347,-0.00029196927789598703,0.9997649788856506,0],[0,0,0,1]],"poly":{"xy":[[-110.34289191750895,-27.565966437844736],[-110.34289191750895,-79.63200647690724],[-110.34289191750895,-149.05327112534474],[-110.28527473000895,-331.31010706284474],[-0.43639777688395043,-439.12492639878224],[22.20593620749105,-402.26835901596974],[68.21741081686605,-209.73527796128224],[68.15369011374105,-55.878588508157236],[68.15369011374105,-46.829638312844736],[68.15369011374105,-19.682787726907236],[68.15369011374105,16.512890984030264],[68.15369011374105,43.659741569967764],[68.08972526999105,88.92335240981151],[68.08972526999105,206.55732457778026],[44.83728386374105,436.119031120749],[-110.51672004250895,441.062390495749],[-110.45861457375895,336.92280309340526],[-110.40075324563395,146.004285026999],[-110.40075324563395,76.58430211684276],[-110.40075324563395,33.196789909811514]],"rhoDist":[113.75966144791951,136.098018600103,185.46789529731865,349.1924607760788,439.12516062534496,402.88097603648566,220.55502759692956,88.14471347881235,82.70485287396858,70.9542195613203,70.14114340997797,80.95238703403088,112.0082674209481,217.49590556764164,438.4191969803221,454.70339160493046,354.5750248477454,183.06058302409372,134.38425623723518,115.30841027512643]},"features":[7.797073427151813,70.14114340997797,0.007689492919615266],"projected":{"root":[3.318985470042509,-1.0570307132496553],"xy":[[-0.11053364516469558,-0.027568535737395077],[-0.11053348038369629,-0.07963457355698425],[-0.11053326067608356,-0.14905583524612917],[-0.1104750802119912,-0.33131266359672656],[-0.0006516730756468759,-0.4391278259915099],[0.02198522402641699,-0.4022713318393211],[0.06798527804761567,-0.20973840461117396],[0.06792108538412309,-0.05588172151499213],[0.06792105674558913,-0.046832771705418656],[0.06792097082998726,-0.019685922276698246],[0.06792085627623776,0.01650975489128834],[0.06792077036063587,0.04365660432000876],[0.0678566772942557,0.0889202134327923],[0.06785630500084773,0.20655418058625513],[0.04460860066016803,0.43611595093385436],[-0.11070891558213636,0.44105980176962867],[-0.11065049418058744,0.3369202186226568],[-0.1105920422203453,0.14600170851161093],[-0.11059182251678908,0.0765817285606926],[-0.110591685201994,0.03319421820318605]],"resolution":null},"type":"step"},{"normal":[-0.0003584870344304819,0.9997650415217391,-0.02167333011057269],"root":[-1057.5621789785532,60.08710156954252,2842.1584754356973],"cov":[[0.0011818141514497137,0.000019204801673390257,8.400944440888287e-7],[0.000019204801673390257,0.0011798629976696145,0.00002558445619103591],[8.400944440888287e-7,0.00002558445619103591,5.549760106753561e-7]],"n":104,"id":"h","colors":{"mean":[162.1442363038659,148.42308305633756,117.90384789498953],"cov":[[51.87557989662602,61.796700882893944,64.26135696517082],[61.796700882893944,86.77604552043425,87.95458715580669],[64.26135696517082,87.95458715580669,98.33467062392096]]},"roughness":0.2132010734095455,"rot":[[0.9997650980949402,-0.000003885260412062053,0.021673331037163734,0],[-0.000003885260412062053,0.9999999403953552,0.000358487042831257,0],[-0.021673331037163734,-0.000358487042831257,0.9997650384902954,0],[0,0,0,1]],"poly":{"xy":[[-303.77175668569726,-92.36702024019678],[-303.73293832632226,-218.52241574800928],[-303.65554574819726,-404.0645300058218],[-288.86916879507226,-410.1201940683218],[-117.48562387319726,-488.1647497323843],[144.43625112680274,-479.1115270761343],[240.04220815805274,-438.7423864511343],[340.31198354867774,-370.1255651620718],[340.25412222055274,-238.70747434175928],[340.19601675180274,-107.29438840425928],[340.13791128305274,102.94547975980322],[340.08004995492774,243.10594118558447],[319.54757925180274,386.5424035879282],[181.78000112680274,467.6174768301157],[125.45724722055274,484.1326135488657],[-34.399686373197255,499.09580934964697],[-166.14578012319726,472.04478395902197],[-303.88845590444726,397.3650354238657],[-303.84939340444726,219.28733766995947],[-303.81057504507226,93.14097536527197]],"rhoDist":[317.5731662888158,374.23258129383265,505.48987705679104,501.68199422410186,502.11053545507775,500.4184277429813,500.1408837912858,502.8499176569431,415.7013450717511,356.7905890032159,355.4524978739251,418.1034545593351,501.57314496634336,501.7239120258376,500.1322529752013,500.28023260712274,500.4424172292424,500.28912666201455,374.77197629438683,317.8352649034524]},"features":[17.638361602293593,317.5731662888158,0.2132010734095455],"projected":{"root":[2.8421584754356974,-1.0575621789785532],"xy":[[-0.30391677688878777,-0.09236941894230087],[-0.30387747750106386,-0.21852480649367914],[-0.30379938222258673,-0.4040669091284986],[-0.28901645497602607,-0.41012263025076146],[-0.11767286383385002,-0.48816784676905933],[0.144187452059004,-0.4791156423292832],[0.23977079495947934,-0.43874687575260146],[0.340016750965787,-0.3701304484473154],[0.33995839263545485,-0.23871236584765226],[0.3398997902412902,-0.1072992881295314],[0.33984088158455356,0.10294056674942553],[0.3397824892878355,0.2431010193927375],[0.3192542842552816,0.3865375523512711],[0.18151875193952421,0.46761315564615763],[0.12520916375669058,0.4841285101321413],[-0.03461027850416446,0.4990923260571341],[-0.1663253207587181,0.47204181427279207],[-0.3040353514321075,0.3973626057030147],[-0.3039956062294433,0.21928491924133037],[-0.3039563068768158,0.09313856489249658]],"resolution":null},"type":"step"},{"normal":[-0.0002864898386450106,0.9997636301292314,-0.021739406486694115],"root":[1062.4011555989584,59.954846082414896,2807.602413504464],"cov":[[0.001181959171062094,-0.00000912850445750748,1.4020416322515826e-7],[-0.00000912850445750748,0.0011522003430736664,0.000025051457798260083],[1.4020416322515826e-7,0.000025051457798260083,5.44817879825532e-7]],"n":105,"id":"h","colors":{"mean":[163.4285768866539,150.2000061741897,120.17143016627857],"cov":[[29.186923744454802,34.56603479306301,38.78571590972748],[34.56603479306301,46.800941143821014,51.928306305146215],[38.78571590972748,51.928306305146215,62.46241488504874]]},"roughness":0.08671129258396192,"rot":[[0.9997636675834656,-0.0000031144274998951005,0.021739406511187553,0],[-0.0000031144274998951005,0.9999999403953552,0.00028648984152823687,0],[-0.021739406511187553,-0.00028648984152823687,0.9997636079788208,0],[0,0,0,1]],"poly":{"xy":[[-490.94005998883904,-95.11648763020844],[-411.25378069196404,-285.78555501302094],[-397.62585100446404,-304.1541463216147],[-284.37853655133904,-412.1598836263022],[-147.74084123883904,-479.21109212239594],[123.04309430803596,-485.81375325520844],[254.43298688616096,-432.6477986653647],[353.70300641741096,-356.3648396809897],[394.72595563616096,-279.05472005208344],[394.66736188616096,-120.66769612630219],[394.55017438616096,125.69015299479156],[394.55017438616096,284.08602701822906],[394.49158063616096,310.45931803385406],[293.24963727678596,406.44039713541656],[16.70056501116096,500.40548502604156],[-0.44616350446403885,501.42501627604156],[-269.87536272321404,421.26046549479156],[-370.11388811383904,336.31027018229156],[-424.91320452008904,264.53146158854156],[-491.00646623883904,99.67196451822906]],"rhoDist":[500.1839114411669,500.8836571118492,500.69157065714967,500.78586178469084,501.47957655341816,501.1596514730371,501.94542706742885,502.1542620491305,483.47927450145426,412.7903896111942,414.1764939180079,486.260646846845,502.079456667512,501.2297874014472,500.68433475701465,501.42523232565884,500.32614729455184,500.15229826983176,500.6118096825095,501.133801932787]},"features":[17.675040033223326,412.7903896111942,0.08671129258396192],"projected":{"root":[2.807602413504464,1.0624011555989585],"xy":[[-0.491041134531441,-0.09511781962744668],[-0.41137309357452906,-0.2857871273617645],[-0.3977483273520283,-0.3041557603596554],[-0.28452744012791875,-0.412161845932019],[-0.14792182741563725,-0.47921347722433605],[0.12279813464469899,-0.48581698142311946],[0.2541568104220221,-0.43265143821967805],[0.3534031320081768,-0.35636879153547885],[0.3944161455446581,-0.27905880284262236],[0.39435707235713047,-0.12067178523504395],[0.39423914528822857,0.1256860541397407],[0.39423865197574565,0.2840819216621262],[0.39417998993543235,0.3104552117777965],[0.29296167403972345,0.4064366022507047],[0.016477665644685814,0.5004025475767799],[-0.0006650137799464014,0.5014221321871798],[-0.27003028944520585,0.4212584238138648],[-0.3702448610114009,0.3363085441736118],[-0.4250310032095427,0.26452990919438796],[-0.49110813174226264,0.0996706247330933]],"resolution":null},"type":"reactive"},{"normal":[-0.00028091231699952913,0.999764473983001,-0.02170063708197887],"root":[1016.3693525003441,42.277175432784965,1994.7557631169122],"cov":[[0.0011748580346084044,0.0000059981029139659615,4.6030316053370777e-7],[0.0000059981029139659615,0.001308493649252793,0.000028403520515551955],[4.6030316053370777e-7,0.000028403520515551955,6.166762912964388e-7]],"n":227,"id":"h","colors":{"mean":[160.7356884379744,147.54185619005023,120.00881329572674],"cov":[[84.10631001395696,91.87504600285422,103.51548459116582],[91.87504600285422,117.61602757956277,126.881233655047],[103.51548459116582,126.881233655047,155.54426530763678]]},"roughness":0.7566506247181608,"rot":[[0.9997645020484924,-0.000003048347025469411,0.02170063741505146,0],[-0.000003048347025469411,0.9999999403953552,0.0002809123252518475,0],[-0.02170063741505146,-0.0002809123252518475,0.9997645020484924,0],[0,0,0,1]],"poly":{"xy":[[-309.32387835128725,-96.11453072300037],[-462.32961565597475,-190.60043160190662],[-392.03213030441225,-310.2276288675316],[-283.40749651534975,-412.15200630893787],[-107.51504046066225,-488.6015302347191],[70.17416852371275,-495.0522138284691],[197.13998883621275,-460.2653485940941],[321.97250836746275,-383.0487958597191],[415.25619977371275,-279.56728951206287],[499.39682477371275,-27.08010689487537],[499.39682477371275,24.20987113246838],[470.83481305496275,168.39029105434338],[387.93344586746275,317.6584795309059],[92.37363141433775,137.27957328090588],[26.31674664871275,100.13687308559338],[-5.659693780974749,82.15738089809338],[-26.61587053878725,68.29641898403088],[-57.52175432784975,50.93972953090588],[-87.77297503097475,33.95120414028088],[-146.48403460128725,0.9796465230933791]],"rhoDist":[323.98259429916186,500.17907878432266,500.00442375148975,500.22847601904374,500.2969695615692,500.003016605557,500.72512371305606,500.43986770571024,500.6750106370828,500.2481042365684,500.1011009238384,500.1462386210191,501.46953449669377,165.47737619199364,103.53902145019498,82.35215982922932,73.30158106248747,76.84477421801506,94.12962743004364,146.52187519695792]},"features":[24.647618516940348,73.30158106248747,0.7566506247181608],"projected":{"root":[1.9947557631169122,1.016369352500344],"xy":[[-0.30946775011670336,-0.09611639312689296],[-0.4624371686013678,-0.19060182386274097],[-0.39215587269734004,-0.31022923069895136],[-0.28355650784835745,-0.41215393524395727],[-0.10770523905777361,-0.48860399233426016],[0.06994214617057531,-0.49505521733184854],[0.1968779616968184,-0.4602687405060717],[0.3216808494650514,-0.38305257135155085],[0.4149422583684855,-0.27957135344839845],[0.4990622997138716,-0.027084437284315047],[0.4990621433642156,0.024205538719099893],[0.47050641810328603,0.16838604001846735],[0.38762411805202307,0.3176544753169733],[0.0921344