[{"normal":[-0.0002672001401459826,0.9997640541939946,-0.021720141474500167],"root":[4.4272863380574385,15.657781269646252,782.5449655998912],"cov":[[0.0011981513581713593,-0.000002363721141913411,2.688692917926222e-7],[-0.000002363721141913411,0.0012357262843860177,0.000026845852300261225],[2.688692917926222e-7,0.000026845852300261225,5.833151546360613e-7]],"n":1019,"id":"h","colors":{"mean":[161.8675226949967,147.5917624593717,116.81648846989876],"cov":[[83.94432041409334,98.57047968726678,103.5070833183058],[98.57047968726678,123.8218490706523,129.05654215582592],[103.5070833183058,129.05654215582592,139.61450854772374]]},"roughness":0.1392610383508501,"rot":[[0.999764084815979,-0.0000029021548471064307,0.021720141172409058,0],[-0.0000029021548471064307,0.9999999403953552,0.0002672001428436488,0],[-0.021720141172409058,-0.0002672001428436488,0.9997640252113342,0],[0,0,0,1]],"poly":{"xy":[[-191.83329567801616,-61.55332393571369],[-191.8298166741099,-128.91587276383868],[-144.9356516350474,-187.9760839454793],[-188.77018532645366,-463.2345983497762],[-20.463727806922407,-499.6751195900106],[141.6017018805776,-479.5242712013387],[239.0034352790151,-439.2609655372762],[154.9218923102651,-208.76745052262774],[159.39985861885884,-114.96179408952229],[177.5548268805776,-37.388727378096505],[163.8982106696401,53.21496753767498],[154.8928395758901,110.20211582258709],[154.8856374274526,212.4317529685832],[210.12178244698384,453.9469202049113],[119.67854514229634,485.6465051658488],[-31.604474877234907,499.07210331038004],[-173.42240700614116,469.17369632795817],[-191.84708962332866,261.77489261702067],[-191.84367165457866,137.160466957841],[-191.84025368582866,59.696714211258964]],"rhoDist":[201.51009816132918,231.1614938426851,237.38485778749566,500.2382855798061,500.094318081161,500.0031973765399,500.09857851468064,259.9914847909615,196.56125010150325,181.48958717551835,172.35785464938738,190.12586794390515,262.92306140267783,500.2408526720805,500.1829154977477,500.07210115637474,500.21248079953995,324.57386617604783,235.86862371586324,200.95663915394772]},"features":[64.85070416996314,172.35785464938738,0.1392610383508501],"projected":{"root":[0.7825449655998912,0.004427286338057439],"xy":[[-0.1920050630427841,-0.061555437009608346],[-0.19200138936306574,-0.12891798344284078],[-0.1451181157294716,-0.18797832861002983],[-0.18894150956866462,-0.46323670597239835],[-0.020674651486969533,-0.4996777143630203],[0.14135248684730328,-0.479527337032742],[0.23873112534235516,-0.43926431548107475],[0.15466874913127698,-0.20877056467789146],[0.15914538680383794,-0.11496492458960286],[0.17729584699606113,-0.037391913336232124],[0.16364218957292406,0.05321181797840515],[0.154638777551678,0.11019899036373335],[0.15463128041606808,0.21242862388081138],[0.20985369375649068,0.45394362219068074],[0.11943170092820445,0.48564346850014944],[-0.03181566886152941,0.49906950521210014],[-0.173600057937536,0.46917151087470854],[-0.19201979208250075,0.2617727680396394],[-0.19201601326973067,0.13715834681954556],[-0.1920123712955123,0.059694596828668095]],"resolution":null},"type":"reactive"},{"normal":[0.015692073820397615,0.9997527276808392,-0.01575570734485472],"root":[-94.05113288804229,52.08545925347089,1096.4719244294565],"cov":[[0.0010413905809510949,0.00018298934088575337,-0.0000134617800955118],[0.00018298934088575337,0.0011546380882133573,0.000015324446873105225],[-0.0000134617800955118,0.000015324446873105225,0.000019759432958114796]],"n":406,"id":"h","colors":{"mean":[111.83990444217262,110.2487714478535,106.73399280811765],"cov":[[825.9624691048614,801.1086036644359,744.2475096267952],[801.1086036644359,796.5552992318635,733.9235756407224],[744.2475096267952,733.9235756407224,702.8928651425158]]},"roughness":13.029950923122412,"rot":[[0.9998758435249329,0.00012363515270408243,0.015755707398056984,0],[0.00012363515270408243,0.999876856803894,-0.015692073851823807,0],[-0.015755707398056984,0.015692073851823807,0.9997527003288269,0],[0,0,0,1]],"poly":{"xy":[[-160.42785704664402,-34.849959641254586],[-158.83062804273777,-113.77464225844209],[-160.95300353101902,-143.56564262465304],[-83.67108214430027,-194.68815544203585],[-55.40100157789402,-201.1141197975046],[0.49951111741847853,-182.7437584693796],[136.99706971116848,-197.10774162367647],[259.714232797106,-202.75331047133272],[490.4606927580435,-194.16120842055147],[490.4606927580435,-128.87666252211397],[498.3679193205435,126.91935798569854],[413.4614251799185,289.5429389183157],[326.777953500231,378.357712477886],[292.5654290861685,410.982468337261],[59.96350037523098,416.8589026634329],[-40.33117735914402,510.4478614036673],[-252.87182677320652,421.280319899761],[-176.78649962476902,215.75134345933134],[-181.16412413648777,114.39760848923858],[-172.36071837476902,49.50375434800323]],"rhoDist":[164.189523835291,197.13084879111383,215.68517340498866,211.91647865437145,209.26874907271383,183.3812158421829,241.1216559118176,329.95283257748105,527.8378118512547,507.46725858298964,514.618190231293,505.1821834503527,500.00739849497313,505.013477459458,422.0944051705259,512.9388415391628,492.59255148642035,280.92459648358977,216.86926223676218,182.40743209429388]},"features":[20.19422162572012,164.189523835291,13.029950923122412],"projected":{"root":[1.0964719244294565,-0.09405113288804229],"xy":[[-0.16056980784654598,-0.034708582146600005],[-0.1589825349818146,-0.11362334883507175],[-0.16110833022053497,-0.14341094326239567],[-0.08384232288081074,-0.1945176063058043],[-0.05557654613844307,-0.20093928421934795],[0.0003192984849368546,-0.1825642736725137],[0.13679813685568804,-0.1969096122103042],[0.25949936827119463,-0.20253931373172662],[0.4902182464589153,-0.19391974130389775],[0.490226317923354,-0.12864323427118923],[0.498164188289022,0.12712226619642925],[0.4132883401341669,0.2897153249150655],[0.32662660966526946,0.37850844507138354],[0.2924223658408971,0.41112495378438496],[0.05985003805420562,0.4169719067373468],[-0.04042061856474716,0.510536941377685],[-0.2529459081675933,0.42135410209715723],[-0.17689543659097473,0.21585984045524872],[-0.18128504856362468,0.1145180445316065],[-0.17249075878713271,0.04963326955831919]],"resolution":null},"type":"preview"},{"normal":[-0.0002807952603585169,0.999765504797971,-0.021653096085316792],"root":[-825.2683803851788,102.38195056915283,1256.1899554912861],"cov":[[0.0011983670328529188,0.000010398858479349719,5.617950030587105e-7],[0.000010398858479349719,0.0012145149606022127,0.00002630709797740359],[5.617950030587105e-7,0.00002630709797740359,5.69934742139851e-7]],"n":520,"id":"h","colors":{"mean":[92.99615590274334,93.01154051721096,187.01538866758347],"cov":[[0.1921157308480561,0.07490033065210205,0.0787538662910347],[0.07490033065210205,0.18432007254049496,0.1341798156857376],[0.0787538662910347,0.1341798156857376,0.2571533725795384]]},"roughness":0.005262207492941627,"rot":[[0.9997655153274536,-0.0000030403998607653193,0.02165309526026249,0],[-0.0000030403998607653193,0.9999999403953552,0.0002807952696457505,0],[-0.02165309526026249,-0.0002807952696457505,0.9997655153274536,0],[0,0,0,1]],"poly":{"xy":[[-128.36915471003613,-40.10442234919617],[-128.35963322566113,-92.30345799372742],[-128.35023381159863,-174.94841648982117],[-101.10670353816113,-302.54546238825867],[-2.9665668194111277,-354.81181981013367],[52.76268122746387,-384.49040867732117],[59.09959528996387,-165.10869481013367],[59.08726618840137,-79.79363133357117],[65.48423884465137,-39.56169773982117],[59.07505915715137,-18.17595555232117],[52.71397517277637,12.53345606877258],[52.70164607121387,36.17096827580383],[65.47190974308887,88.76227686955383],[59.05052302433887,176.14093897892883],[9.091904860276372,301.6242763812726],[-84.49586369441113,301.42060206486633],[-123.01136662409863,302.1534511859601],[-128.38819767878613,173.01868556096008],[-128.37867619441113,90.37854884221008],[-128.37867619441113,38.18860743596008]],"rhoDist":[134.51687990049666,158.1265848704516,216.99943664187077,319.0007978975236,354.8242601984294,388.0951505019057,175.37150289735365,99.29708564641547,76.51987802704875,61.82123156546873,54.195518881222945,63.93076430161063,110.30584315697514,185.78043327386234,301.7614088086786,313.0447008745696,326.2440686421217,215.46806052186994,157.02542789398998,133.96683911491868]},"features":[10.764821740200418,54.195518881222945,0.005262207492941627],"projected":{"root":[1.256189955491286,-0.8252683803851788],"xy":[[-0.12855546684783054,-0.04010683842701865],[-0.12854578888988205,-0.09230587204241571],[-0.12853614040584657,-0.17495082730859404],[-0.1012986095893572,-0.3025479510074103],[-0.003181323481737428,-0.3548146047538051],[0.05253494875590638,-0.3844933618900344],[0.05886971008418119,-0.16511167593929674],[0.058857124481341026,-0.07979661578901803],[0.06525247500924787,-0.039564703230871835],[0.05884473296972742,-0.01817894240009158],[0.05248504700933343,0.012530487350442225],[0.05247264893091128,0.03616799866298822],[0.06523975864212049,0.08875926635648067],[0.05881961178849479,0.17613794454430692],[0.008872325191421783,0.3016214288933179],[-0.08469350055126189,0.30141803912917997],[-0.12319997552703729,0.3021510053239088],[-0.1285751533313131,0.1730162611381006],[-0.12856538282024535,0.09037612764870474],[-0.12856522414195504,0.03818618830017951]],"resolution":null},"type":"step"},{"normal":[-0.0002877766048295151,0.9997638274419249,-0.02173031346527135],"root":[-757.7217507352998,15.528946416551332,786.6151150027052],"cov":[[0.0012012894353277833,-7.775511957902943e-7,3.288842373280154e-7],[-7.775511957902943e-7,0.0012430255557755376,0.000027017492001501134],[3.288842373280154e-7,0.000027017492001501134,5.873418119055202e-7]],"n":1018,"id":"h","colors":{"mean":[164.50491697781797,151.7387094051524,121.04125996206271],"cov":[[49.23117765628379,55.19754907252656,62.41688105076464],[55.19754907252656,69.7395410497162,77.10204826004737],[62.41688105076464,77.10204826004737,90.83062192582736]]},"roughness":0.10858497801070839,"rot":[[0.9997638463973999,-0.0000031271072202798678,0.021730313077569008,0],[-0.0000031271072202798678,0.9999999403953552,0.00028777660918422043,0],[-0.021730313077569008,-0.00028777660918422043,0.9997638463973999,0],[0,0,0,1]],"poly":{"xy":[[-195.8617580691115,-60.66222143266896],[-195.86181910426774,-104.45110082720021],[-164.8959377566115,-120.94164037798146],[-60.89844019801774,-176.3267111787627],[-1.9224270144239881,-207.7338156709502],[81.77599827854476,-252.30394506548146],[244.78783909885726,-339.1140646943877],[331.92150609104476,-376.5864768037627],[331.90209691135726,-238.11229467485646],[331.88280980198226,-104.10960912798146],[331.86340062229476,105.81049585248729],[415.07714573948226,280.02417993451854],[381.01293675510726,323.8708291044404],[289.93737523166976,407.55118799115917],[69.28899876682601,495.2284951200654],[-35.62372095973649,498.7450661649873],[-161.76636011989274,462.0859169950654],[-195.882632092549,269.4599099149873],[-195.872134045674,141.45374536420604],[-195.868716076924,60.60944604779979]],"rhoDist":[205.08542945048413,222.01404998124525,204.52536831752596,186.5519384050548,207.74273727768556,265.2310453257809,418.26633367082195,502.03551374981066,408.54314939236946,347.9032673576293,348.3986927092383,500.7846487751647,500.13327110355704,500.20276827671205,500.0549477607713,500.01609028033494,489.59491416027555,333.16071591706793,241.64615644580948,205.07571150640774]},"features":[65.38042434516638,186.5519384050548,0.10858497801070839],"projected":{"root":[0.7866151150027052,-0.7577217507352998],"xy":[[-0.19603262244520367,-0.060664484205827596],[-0.1960325465334283,-0.10445336178675761],[-0.16507392562712134,-0.12094399748825314],[-0.06110081192170221,-0.1763293912067176],[-0.0021386265982763237,-0.20773667882257044],[0.08154017426522345,-0.25230706810528475],[0.24451379437738202,-0.33911769389465873],[0.33162700357722036,-0.37659037692852054],[0.331607165957035,-0.23811620047349252],[0.3315874643611866,-0.10411352041570124],[0.33156740332194257,0.10580657593212947],[0.41476095429731136,0.2800199925812229],[0.3807046518204526,0.3238667464577746],[0.2896503343962332,0.4075473866821167],[0.06905378570893932,0.4952253801712029],[-0.035834171853631434,0.498742279143814],[-0.16194691017081794,0.46208352595359514],[-0.1960545238669226,0.2694576335358956],[-0.1960436280099667,0.14145147425335108],[-0.1960399580395164,0.06060717827422726]],"resolution":null},"type":"reactive"},{"normal":[-0.00027617429178822045,0.9997641305490435,-0.021716514344525685],"root":[21.543218751956942,38.80645629649854,1848.5201169079496],"cov":[[0.0012061696217061913,-0.000015110347932713691,4.970125720447092e-9],[-0.000015110347932713691,0.0012948231495029728,0.000028121505414208366],[4.970125720447092e-9,0.000028121505414208366,6.108708288583136e-7]],"n":262,"id":"h","colors":{"mean":[160.240463663376,144.7557314138376,115.17175706913908],"cov":[[57.794484156149906,66.92163025355852,70.7725422874256],[66.92163025355852,88.5112840168603,91.17107831955508],[70.7725422874256,91.17107831955508,102.78088571743635]]},"roughness":0.17529731349748115,"rot":[[0.9997641444206238,-0.0000029991251722094603,0.021716514602303505,0],[-0.0000029991251722094603,0.9999999403953552,0.00027617427986115217,0],[-0.021716514602303505,-0.00027617427986115217,0.9997641444206238,0],[0,0,0,1]],"poly":{"xy":[[-345.9921628063871,-42.47425856213761],[-411.0618649548246,-298.40552343945694],[-382.5496579235746,-322.36331762891007],[-188.2183590954496,-463.2657224140663],[-47.141332728262114,-498.22241797070694],[0.02089871705038604,-500.1832028828163],[261.6068362170504,-426.1967221699257],[284.6046389514254,-389.7035581074257],[284.5763186389254,-205.5579282246132],[284.5475100451754,-87.18101324658585],[284.5187014514254,90.3788622416954],[284.4903811389254,202.17208276171493],[284.4618166858004,386.29891381640243],[250.0797366076754,433.90026269335556],[109.38759793580039,487.95678124804306],[-145.8127194470121,478.5145815410118],[-179.9555417126371,466.6550539531212],[-368.1216794079496,338.6711672343712],[-323.5649167126371,233.52950463671493],[-353.4172116345121,67.8226107158165]],"rhoDist":[348.67085451652946,508.0342301232663,500.3325981682295,500.0590289457512,500.44901894841456,500.18321890503563,500.11282493388444,482.60293888598403,351.1057085015701,297.66713305084994,298.5928316057947,349.06618429879256,479.7757884984334,500.8393913336357,500.07374216676953,500.24670971630667,500.1651985311162,500.27414953199883,399.09751119684614,359.94752859391366]},"features":[26.7625939779951,297.66713305084994,0.17529731349748115],"projected":{"root":[1.8485201169079497,0.021543218751956944],"xy":[[-0.34612760477909216,-0.04247598101125154],[-0.41118119388450636,-0.2984070409750118],[-0.38267563907197727,-0.322364919762378],[-0.18838974706474385,-0.4632679019973222],[-0.047345886238037184,-0.49822501932835583],[-0.00019477124292551252,-0.5001859456111157],[0.26132925420795,-0.4262002522490886],[0.28432152389280385,-0.38970715855174975],[0.2842926579833238,-0.20556153560742915],[0.28426350115635507,-0.0871846250579699],[0.284234166832279,0.09037524374446858],[0.28420551791673215,0.20216846008556177],[0.2841764079805832,0.3862952842032066],[0.24980229351105093,0.4338967343807772],[0.10914317232832699,0.48795367282705215],[-0.1459969325108993,0.4785122388578515],[-0.18013166726180288,0.46665281412088877],[-0.3682530456506033,0.33866949661732587],[-0.3237064755020133,0.23352770439852835],[-0.3535512333423413,0.0678209063285628]],"resolution":null},"type":"reactive"},{"normal":[-0.0003150791900789762,0.9997649410476159,-0.02167863872942126],"root":[-1002.5522982921665,35.27963025642164,1698.845337736085],"cov":[[0.001203199003618396,0.000003726377595508809,4.599938869075199e-7],[0.000003726377595508809,0.0012025021351408825,0.00002607591283986621],[4.599938869075199e-7,0.00002607591283986621,5.655891612811685e-7]],"n":297,"id":"h","colors":{"mean":[162.6195341258338,149.3097705838054,119.41414302196165],"cov":[[39.57753465786364,43.540275013943095,47.24764820278603],[43.540275013943095,53.96510107623188,58.21107631860201],[47.24764820278603,58.21107631860201,68.32941876937629]]},"roughness":0.07159659575818868,"rot":[[0.9997649788856506,-0.000003415645323912031,0.021678639575839043,0],[-0.000003415645323912031,0.9999999403953552,0.0003150792035739869,0],[-0.021678639575839043,-0.0003150792035739869,0.9997649192810059,0],[0,0,0,1]],"poly":{"xy":[[-296.01831136889746,-94.82111479377102],[-295.99011312670996,-211.17255522345852],[-295.97595297045996,-292.1102993640835],[-127.50085531420996,-381.826730028146],[-4.435913907959957,-447.367501512521],[130.83715738110254,-483.7282192859585],[218.64562906079004,-449.7223599109585],[344.46496499829004,-364.775948778146],[269.74426187329004,-188.10920073127102],[259.35851968579004,-78.36090971564602],[269.69445718579004,30.124075635916483],[259.28442300610254,182.61260102654148],[399.97717202954004,300.109305128104],[159.33105386547754,474.27049897576023],[93.29467691235254,492.22475312615086],[-127.63684164233496,483.5383822765415],[-282.31140218920996,412.705252393729],[-296.07446371264746,405.9084994640415],[-296.06042562670996,213.71904633904148],[-296.04638754077246,92.33037446404148]],"rhoDist":[310.90119178284016,363.65676773791046,415.8999615592102,402.562337793598,447.3895560518065,501.1173657977982,500.0773549835938,501.7687154648806,328.90828246986484,270.99559256285886,271.4349810836378,317.18782615927563,500.1241413411956,500.33170733156624,500.9927687075021,500.1074817654897,500.06149795541245,502.45579105904113,365.1960567951302,310.1762712497851]},"features":[29.338070466957642,270.99559256285886,0.07159659575818868],"projected":{"root":[1.698845337736085,-1.0025522982921664],"xy":[[-0.29616520682205044,-0.09482324978485525],[-0.29613661779144945,-0.2111746845347905],[-0.29612218450833405,-0.2921124247057663],[-0.12768637362887084,-0.38182942636720396],[-0.004650129765440335,-0.44737061494412156],[0.13059127528791709,-0.4837317929573381],[0.21837899500738456,-0.4497262351931034],[0.3441684720828554,-0.3647802580315463],[0.26946472558770607,-0.18811326353556232],[0.2590810492850561,-0.07836494249419015],[0.2694141871972836,0.03012000216792413],[0.2590060786258052,0.18260855554550356],[0.3996653622164216,0.3001047732576022],[0.15907520325744523,0.4742667804211329],[0.09305428414227787,0.492221259237063],[-0.1278252837793127,0.4835356434423998],[-0.2824632524237234,0.41270304538942854],[-0.2962230562842832,0.405906339806892],[-0.2962083650464041,0.21371689617485823],[-0.2961939156388881,0.09232823027804121]],"resolution":null},"type":"reactive"},{"r":318.13231501648687,"xc":-1047.5955171448245,"yc":315.4819641113281,"zc":4288.959709475076,"root":[-1044.0652358407751,391.3338203770977,3967.5277036776815],"h":462.27545166015625,"error":12288.646601973174,"id":"cyl","type":"avoid"},{"normal":[-0.0005281091810809038,0.9603929259804149,-0.27864879118250324],"root":[25.53388021901871,167.19647661844888,3932.1292470296225],"cov":[[0.0012075577317000642,4.483050827469275e-7,7.940937230518404e-7],[4.483050827469275e-7,0.000321515435004087,0.00009328486460161897],[7.940937230518404e-7,0.00009328486460161897,0.00002706634874356758]],"n":48,"id":"h","colors":{"mean":[196.00000351667404,196.00000351667404,98.00000175833702],"cov":[[0.0020408163170273206,-9.503291577708964e-12,-4.751645788854482e-12],[-9.503291577708964e-12,0.0020408163170273206,-4.751645788854482e-12],[-4.751645788854482e-12,-4.751645788854482e-12,0.0020408163241547894]]},"roughness":0.014313148731133709,"rot":[[0.9603930711746216,-0.00007506504334742203,0.2786487936973572,0],[-0.00007506504334742203,0.9999998807907104,0.00052810920169577,0],[-0.2786487936973572,-0.00052810920169577,0.960392951965332,0],[0,0,0,1]],"poly":{"xy":[[-241.62607320149755,-74.33389471486832],[-241.62607320149755,-172.16870687917495],[-241.47495015462255,-328.7171993108156],[-165.53476460774755,-471.1743526311281],[-119.04037984212255,-484.5121211858156],[57.48305765787745,-497.5372371526125],[158.02968851725245,-473.6819209905031],[261.69204203287745,-353.7417659612062],[261.59829203287745,-184.29086874440932],[261.50551859537745,-78.38754461721207],[261.41225687662745,80.45958901926254],[261.31899515787745,186.35204507395005],[261.22573343912745,355.775140777075],[226.19057718912745,448.5487003473875],[140.47622172037745,463.1634464411375],[-135.11679585774755,442.4120731501219],[-241.92783101399755,434.3683414606688],[-241.85239156087255,326.7665653376219],[-241.77695210774755,170.24488259836411],[-241.70151265462255,72.41625405832504]],"rhoDist":[262.34882790579144,304.86949886449315,413.87895186106016,501.7300619650448,500.13119907057654,501.1161465858248,501.42540530085273,446.49027015431614,328.8492708507021,283.3387560202292,283.84580573867714,329.81677253867883,447.86905972251475,506.65282992923915,485.72912483027324,464.22453950509384,502.0939806430136,412.5144913147602,303.8839097067568,261.86896351953044]},"features":[6.704490800555139,261.86896351953044,0.014313148731133709],"projected":{"root":[3.9321292470296227,0.025533880219018708],"xy":[[-0.23483691384517957,-0.07432102755914628],[-0.23482956987051634,-0.17215582580478334],[-0.23467268102407926,-0.32870430730879113],[-0.16172955967068547,-0.47116714081565725],[-0.11707567362914054,-0.4845083975759452],[0.052457189860000565,-0.4975467624296311],[0.1490196864725783,-0.4736989971988051],[0.2485672889139627,-0.35376664065236174],[0.2484645322244415,-0.184315760505495],[0.24836748362026514,-0.07841244448080836],[0.24826599184467135,0.08043467355764923],[0.24816847511437948,0.18632712154802522],[0.248066189453708,0.35575020014852227],[0.21441170419473626,0.44852637643582577],[0.13209113429666414,0.46314755460240437],[-0.13258493173997915,0.4424168716661324],[-0.23516490571328902,0.4343811588962912],[-0.23508437705317453,0.32677939241856496],[-0.23500017621802577,0.17025772628431837],[-0.23492038117968295,0.07242910599920313]],"resolution":null},"type":"ramp"},{"normal":[-0.0005214492587439948,0.9604146006529233,-0.27857408878672896],"root":[-1067.607962961947,152.84821413875966,2945.0996532654494],"cov":[[0.0011919511337527952,-0.000001867309704945709,1.0553560467290475e-7],[-0.000001867309704945709,0.00038900660556629146,0.00011283271505526417],[1.0553560467290475e-7,0.00011283271505526417,0.00003272797084452768]],"n":89,"id":"h","colors":{"mean":[196.00000351667404,196.00000351667404,98.00000175833702],"cov":[[0.0011111111007630825,-5.174014303419325e-12,-2.5870071517096626e-12],[-5.174014303419325e-12,0.0011111111007630825,-2.5870071517096626e-12],[-2.5870071517096626e-12,-2.5870071517096626e-12,0.0011111111085241041]]},"roughness":0.00991471652083561,"rot":[[0.9604147672653198,-0.00007409771933453158,0.2785740792751312,0],[-0.00007409771933453158,0.9999998807907104,0.0005214492557570338,0],[-0.2785740792751312,-0.0005214492557570338,0.9604145884513855,0],[0,0,0,1]],"poly":{"xy":[[-250.39433099982443,-80.0751425068031],[-250.35136224982443,-180.2398153583656],[-292.12357904669943,-360.3314901630531],[-250.22245599982443,-426.8264852802406],[-17.631391546699433,-499.1823202411781],[150.30293462517557,-467.9519735614906],[162.76240728142557,-471.6349569599281],[303.40181157830057,-392.8306356708656],[303.28535650017557,-212.3639608661781],[303.22725103142557,-92.0676962177406],[303.11128423455057,96.96825348929065],[303.05317876580057,217.2522500713219],[302.93672368767557,389.08605134085315],[289.85786626580057,399.3099893291344],[149.82002446892557,475.24156891897815],[-109.29032709357443,488.8857949931969],[-240.04203607794943,434.7161172588219],[-250.56596185919943,343.65880524710315],[-281.94853021857443,157.0597451885094],[-250.43705560919943,74.00890290335315]],"rhoDist":[272.73980853921415,316.93050545897626,471.5765349999712,500.08907976372706,499.52237306721213,493.4069519959492,501.134569275001,504.06115479466126,380.5275070233891,328.8624623204903,330.1794168902491,383.12595500821476,500.91496151464384,500.56682164024187,500.2086846456965,501.93999111381385,501.41149445902516,431.4411394643521,332.92422296023767,271.04883937543144]},"features":[7.243867803325173,271.04883937543144,0.00991471652083561],"projected":{"root":[2.9450996532654496,-1.0676079629619468],"xy":[[-0.24326221364500483,-0.0800617922439551],[-0.24321352385029352,-0.18022645438657284],[-0.28331883217496573,-0.3603150089865385],[-0.24307144887778276,-0.426813099658558],[-0.01968220093283947,-0.499186159051309],[0.1416020870684328,-0.4679682602539417],[0.1535686211527314,-0.4716521663600655],[0.2886349387527211,-0.39285827706035165],[0.2885097214100839,-0.21239161865731992],[0.2884450023825282,-0.09209536638848084],[0.28831961902866826,0.09694056569215634],[0.28825490091014827,0.2172245498962908],[0.28813032324375676,0.389058335961545],[0.2755684382313998,0.3992832416452817],[0.14106840454559944,0.4752251871882087],[-0.10778600721996294,0.4888886108562458],[-0.2333578618745174,0.4347286290387181],[-0.2434584481714786,0.3436721094555459],[-0.27358490281767145,0.1570754006549873],[-0.24331466426603027,0.07402223496055399]],"resolution":null},"type":"ramp"},{"normal":[-0.02166740305530968,0.9993790670235715,-0.027784960679023328],"root":[-43.33474928028882,112.36328010559082,3285.044775390625],"cov":[[0.0013536397578264763,-0.0003048202980321006,0.0000208733992114285],[-0.0003048202980321006,0.0008306026482140147,0.000016483833019117398],[0.0000208733992114285,0.000016483833019117398,0.00003271060530020637]],"n":40,"id":"h","colors":{"mean":[110.30000330507755,108.80000301450491,105.85000186040998],"cov":[[449.9146855723618,440.74150733337683,416.89757483608724],[440.74150733337683,440.5488191657001,416.84879068405047],[416.89757483608724,416.84879068405047,403.83413284399353]]},"roughness":9.986127909772582,"rot":[[0.999613881111145,-0.00030110744410194457,0.027784960344433784,0],[-0.00030110744410194457,0.9997652173042297,0.021667402237653732,0],[-0.027784960344433784,-0.021667402237653732,0.99937903881073,0],[0,0,0,1]],"poly":{"xy":[[-316.3719238281251,-88.62241929881274],[-316.6263183593751,-195.9120768915862],[-237.1590332031251,-242.3689860712737],[-88.21103515625009,-244.88403123728932],[-52.14316406250009,-228.6263102900237],[34.41005859374991,-171.49563402049245],[127.50576171874991,-212.7797526728362],[206.6129394531249,-152.29321092478932],[232.9105468749999,-125.9265117060393],[234.9176269531249,-3.6254672419279785],[209.3727050781249,24.72911268360913],[234.3639160156249,99.93508726246655],[207.8702636718749,230.59448438771068],[196.5052734374999,351.7407246220857],[47.47255859374991,350.27862745411693],[-112.14218750000009,347.9862080205232],[-242.3233398437501,338.23016554005443],[-267.5613769531251,345.1419697392732],[-306.4275878906251,201.12652784474193],[-306.8384765625001,93.23846250660718]],"rhoDist":[328.9211987406717,372.65917090912797,339.16216837823185,260.73588380166007,234.565502144371,175.09273718044238,248.2280066433278,256.7941740972407,264.9936945021608,235.22762576236232,211.14162632424012,255.03171563407815,310.64979066952606,403.22595353209425,353.79261661562623,366.3432777707582,416.6340326290286,437.60237539638985,367.6354418451961,321.9318469263955]},"features":[9.893557539603117,175.09273718044238,9.986127909772582],"projected":{"root":[3.285044775390625,-0.04333474928028882],"xy":[[-0.31650093043614486,-0.08872302185877509],[-0.3167229210243793,-0.19598741005124198],[-0.23727233140541534,-0.2424573388259464],[-0.08838108814338265,-0.24501664278407273],[-0.05233203896544587,-0.22877359963466004],[0.03417056112368632,-0.17168240010141458],[0.12724274891499962,-0.21298485659554459],[0.20630116868714105,-0.1525363375185418],[0.23258068281723734,-0.1261837478985094],[0.23455016216158422,-0.003912025421330392],[0.20900656596490844,0.02444358830111954],[0.23396548216902519,0.09962437864405665],[0.20744271708609513,0.23026107293156262],[0.19604563708727196,0.3513822887698882],[0.04707090728657999,0.3499654097799702],[-0.11248151779389834,0.3477215898217896],[-0.24260946672691808,0.3380070366836138],[-0.26783984007327577,0.34492481727575025],[-0.3066476797924948,0.20095489470830857],[-0.3070259239105065,0.09309228640480084]],"resolution":null},"type":"preview"},{"normal":[-0.00028365756016662016,0.9997630639018302,-0.021765467971390187],"root":[1060.916880537824,145.93425378566835,3239.8271990520198],"cov":[[0.001175780241850252,0.00004535391912404631,0.0000013209812169021004],[0.00004535391912404631,0.0013554647896501498,0.00002952218531891911],[0.0000013209812169021004,0.00002952218531891911,6.431386861715139e-7]],"n":82,"id":"h","colors":{"mean":[93.00000205636024,93.00000205636024,187.00000405311584],"cov":[[0.0012048192743032453,-2.8051884777574656e-12,-5.610376955514931e-12],[-2.8051884777574656e-12,0.0012048192743032453,-5.610376955514931e-12],[-5.610376955514931e-12,-5.610376955514931e-12,0.00120481926588768]]},"roughness":0.005219898493372702,"rot":[[0.9997631311416626,-0.0000030873354717186885,0.021765468642115593,0],[-0.0000030873354717186885,0.9999999403953552,0.00028365757316350937,0],[-0.021765468642115593,-0.00028365757316350937,0.9997630715370178,0],[0,0,0,1]],"poly":{"xy":[[-74.19243342701975,-21.690806319074],[-74.19243342701975,-47.453989912824],[-74.19243342701975,-98.980357100324],[-74.13603694264475,-227.780894209699],[-52.97173030201975,-499.7273053425115],[11.48920719798025,-499.78071110423025],[77.98408024485525,-232.70685856516775],[77.92255680735525,-99.1608990925115],[77.92255680735525,-54.640269209699],[77.92255680735525,-19.0236920612615],[77.92255680735525,16.5927630168635],[77.86103336985525,52.187855790301],[77.86103336985525,105.611683915301],[77.79950993235525,239.1459856731135],[77.73823063548025,497.3259173137385],[-10.57060725514475,465.176137040301],[-74.30547053639475,227.3056536418635],[-74.24907405201975,98.5158587199885],[-74.24907405201975,46.9904680949885],[-74.24907405201975,21.2277727824885]],"rhoDist":[77.31530950063274,88.08552205867464,123.71060293206517,239.54771288051143,502.52867222149166,499.9127694030952,245.43158865418684,126.1253862689061,95.18565844939876,80.22885158237187,79.68754491653331,93.74896125734793,131.2217574092436,251.48895356507495,503.36829746792944,465.296231225173,239.14756768041585,123.37269567282323,87.88387351621189,77.24054160692671]},"features":[7.850540300685243,77.24054160692671,0.005219898493372702],"projected":{"root":[3.2398271990520198,1.060916880537824],"xy":[[-0.07439244525942192,-0.021693412964998555],[-0.07439236571983007,-0.047456595522152104],[-0.0743922066406464,-0.09898296063645923],[-0.0743354258658919,-0.22778349273758575],[-0.053175293372129895,-0.4997299582697944],[0.011270373763358694,-0.49978356304190635],[0.07774866990333326,-0.23270992654069675],[0.07768674873929672,-0.09916397225139514],[0.07768661128917466,-0.05464334415989567],[0.07768650132885091,-0.019026768444511538],[0.07768639136890401,0.016589685200565002],[0.0776247726120575,0.05218477673175707],[0.07762460767477528,0.10560860270721875],[0.07756268654672999,0.23914289928214566],[0.07750062467859314,0.4973228207239431],[-0.010787193956546143,0.46517331438308246],[-0.07450622432638881,0.22730303732640736],[-0.07444944358479905,0.09851324741234857],[-0.07444928450863034,0.04698785886050217],[-0.07444920497054598,0.021225164584578963]],"resolution":null},"type":"step"},{"normal":[-0.00028539409631903647,0.9997636689815341,-0.021737634066089664],"root":[1097.858050178079,89.55934053308823,4171.107436236213],"cov":[[0.0012138164740759412,0.00002322709465342408,8.515193801529778e-7],[0.00002322709465342408,0.0006169229103563211,0.000013420244968162868],[8.515193801529778e-7,0.000013420244968162868,2.9212343980746045e-7]],"n":34,"id":"h","colors":{"mean":[162.47059375047684,150.6176532804966,121.55882388353348],"cov":[[8.816301470356994,6.746217683177175,6.058822807140781],[6.746217683177175,13.889410109293115,9.778990430890449],[6.058822807140781,9.778990430890449,12.299494332444988]]},"roughness":0.11448308623942917,"rot":[[0.9997637271881104,-0.000003102262780885212,0.021737633273005486,0],[-0.000003102262780885212,0.9999999403953552,0.00028539408231154084,0],[-0.021737633273005486,-0.00028539408231154084,0.9997636675834656,0],[0,0,0,1]],"poly":{"xy":[[-483.1748190487133,-136.32173426011036],[-431.0525045955883,-254.64131433823536],[-295.4387350643383,-404.0742367015166],[-210.4233542049633,-454.3180111155791],[-122.31935029871329,-485.1986263499541],[31.51854032628671,-499.2843197093291],[161.5073098575367,-473.2622249827666],[333.4243020450367,-372.67268640854786],[405.2963723575367,-293.3034847483916],[478.9443215762867,-152.8094661937041],[478.8290872012867,154.2617007984834],[441.6528176700367,239.9338199391084],[368.7416848575367,338.4611636891084],[161.2035989200367,474.4930240406709],[95.32127470128671,488.2037174000459],[-152.4140768612133,476.9918033375459],[-239.3989401424633,439.5392886891084],[-323.4365377987133,383.0706607594209],[-457.3715963924633,204.3055240406709],[-483.2500143612133,128.5324527516084]],"rhoDist":[502.14794169403666,500.7366664315767,500.60239726917683,500.7042546378071,500.3873333258723,500.27850182628896,500.0733249639341,500.10766102506443,500.36787605302226,502.8378542135005,503.17297709690115,502.71149798982947,500.5920639998056,501.1420945889507,497.42736349932153,500.7606724871901,500.5321511389014,501.4003963021871,501.02618287915266,500.16082466830403]},"features":[12.16290603951033,497.42736349932153,0.11448308623942917],"projected":{"root":[4.1711074362362135,1.097858050178079],"xy":[[-0.4832776029660161,-0.13632308371346416],[-0.4311672374511927,-0.2546428206695841],[-0.2955850485565093,-0.40407615765605776],[-0.21058960013663433,-0.45432019376375915],[-0.12250631855112436,-0.4852010810621491],[0.03129526537180037,-0.49928725109338257],[0.16125323909178615,-0.47326556068601605],[0.33312929690837656,-0.37267655954046863],[0.4049841383245073,-0.2933075840790466],[0.4786142493987032,-0.15281379972193235],[0.47849808963700996,0.1542573551208234],[0.4413303387197946,0.23992958610260584],[0.3684361284422077,0.33845715202911053],[0.16094665973238284,0.47448965067781784],[0.09507986033287265,0.4882005478630436],[-0.15259691898956718,0.47698940279736585],[-0.239561112404812,0.43953715952426353],[-0.32357867761232173,0.3830687946012394],[-0.457481534075969,0.20430408066529057],[-0.48335360215788453,0.12853109274409644]],"resolution":null},"type":"reactive"},{"normal":[-0.00030058356133398905,0.9997645433482996,-0.021697177537384295],"root":[1087.1233816964286,48.03511997767857,2259.3568680245535],"cov":[[0.0011862396569017853,0.0000014185466202338573,3.8743382240199667e-7],[0.0000014185466202338573,0.0012803009053944077,0.00002778588480881297],[3.8743382240199667e-7,0.00002778588480881297,6.031659596314335e-7]],"n":175,"id":"h","colors":{"mean":[159.90857709646224,145.3371491764273,115.8342867570264],"cov":[[31.810434519632892,40.12723921305257,42.78606938221756],[40.12723921305257,62.154596996056554,60.902144814748844],[42.78606938221756,60.902144814748844,67.43349269867441]]},"roughness":0.11303023561956405,"rot":[[0.9997645616531372,-0.0000032612913400953403,0.02169717662036419,0],[-0.0000032612913400953403,0.9999999403953552,0.00030058357515372336,0],[-0.02169717662036419,-0.00030058357515372336,0.9997645616531372,0],[0,0,0,1]],"poly":{"xy":[[-411.0619461495535,-129.59896763392862],[-411.0170242745535,-285.1553641183036],[-362.2426102120535,-344.5831595284599],[-238.15301060267848,-439.9601736886161],[-6.215022321428478,-499.9670706612724],[137.06256556919652,-481.4599905831474],[234.90924525669652,-442.1797171456474],[338.4700362723215,-370.4291067940849],[432.2620284598215,-251.30276402064737],[480.9348800223215,-138.46694859095987],[497.4429366629465,54.64773646763388],[432.1331222098215,251.59610072544638],[308.0899093191965,393.9416817801339],[192.05377650669652,461.9565743582589],[109.85138392857152,488.9714669363839],[-103.33220982142848,489.4339913504464],[-280.8373367745535,414.0808419363839],[-391.8451492745535,310.4746407645089],[-411.1290848214285,289.2092599051339],[-411.1066238839285,127.67044154575888]],"rhoDist":[431.10112184922065,500.32982971673175,500.02087716036203,500.3098930480199,500.00577241539867,500.5975570762179,500.7295254512586,501.82927116514617,500.09063716615157,500.5801501865426,500.5530543310405,500.1292739070983,500.15578687278395,500.30703296833576,501.16544144059947,500.2274976568447,500.3682829532244,500.0079179302551,502.74001344133586,430.5664954877014]},"features":[21.812964215023523,430.5664954877014,0.11303023561956405],"projected":{"root":[2.2593568680245535,1.0871233816964285],"xy":[[-0.4111817265674556,-0.129600627021401],[-0.4111363079528431,-0.28515701662415455],[-0.3623731821355541,-0.34458496841690667],[-0.23831248358914117,-0.43996238296021956],[-0.006428900470949657,-0.4999700336390958],[0.13681489787494724,-0.4814634216670953],[0.23463841522721784,-0.4421834691108344],[0.33817459284502904,-0.370433199742921],[0.43194411681595035,-0.25130716823469507],[0.4806051422403856,-0.13847151663934448],[0.4971086828918506,0.05464310585663702],[0.43181360081222064,0.2515916742105484],[0.3077991248864091,0.39393765337504577],[0.1917900864942564,0.46195292130786136],[0.109606957198863,0.4889680807513939],[-0.1035264521961357,0.489431300398379],[-0.2809895466576116,0.4140787332847567],[-0.3919708887551504,0.3104728988226912],[-0.4112502152897853,0.289207581814631],[-0.4112272328146895,0.12766877068041824]],"resolution":null},"type":"reactive"},{"normal":[-0.00017511865471590485,0.9997638867774913,-0.021728783422460787],"root":[1069.4527107905415,62.641215166999295,2930.622385562045],"cov":[[0.0012118515701090228,-0.00003848161276005887,-6.240881682059984e-7],[-0.00003848161276005887,0.0013167328387104894,0.000028611019269283307],[-6.240881682059984e-7,0.000028611019269283307,6.217614399696913e-7]],"n":103,"id":"h","colors":{"mean":[162.6601996786386,149.70874384479615,122.17476091917278],"cov":[[114.55005169193207,127.60389569671287,143.36651540661563],[127.60389569671287,145.22463700056989,164.96389550717925],[143.36651540661563,164.96389550717925,202.22077137957316]]},"roughness":0.4612669976820261,"rot":[[0.9997639060020447,-0.0000019027822872885736,0.02172878384590149,0],[-0.0000019027822872885736,1,0.00017511865007691085,0],[-0.02172878384590149,-0.00017511865007691085,0.9997639060020447,0],[0,0,0,1]],"poly":{"xy":[[-479.0657449370451,-142.7923714350727],[-407.3975320464201,-293.6211067866352],[-363.0171609526701,-343.7702767085102],[-222.8325906401701,-447.59870688429146],[-71.32062774954511,-495.16670004835396],[0.02385467232988958,-501.1009651850727],[210.4686788910799,-453.5505501460102],[210.4120382660799,-288.77888266554146],[210.3556417817049,-150.03120200147896],[210.2990011567049,-63.32368247022896],[210.2421163910799,66.74211342820854],[210.2421163910799,144.79289467820854],[210.2423605317049,283.54997475633354],[210.1857199067049,456.96769936570854],[150.5941671723299,477.88957436570854],[-89.01740509329511,492.32487710008354],[-239.1321511870451,439.49284585008354],[-302.1848855620451,398.70610268602104],[-407.5127664214201,289.94133217820854],[-493.0606179839201,84.18107827195854]],"rhoDist":[500.00311553222696,502.2612049375089,500.0232565781764,500.0238178286566,500.2795333088426,501.10099058744953,500.02464089368414,357.3322867342975,258.41660336566605,219.67286543474808,220.62921992447053,255.31907101203902,353.0208488173412,503.01018480314696,501.0673297763016,500.3111159189517,500.3641567195017,500.32429885107734,500.21023023571064,500.31014168003935]},"features":[16.95992500613247,219.67286543474808,0.4612669976820261],"projected":{"root":[2.930622385562045,1.0694527107905414],"xy":[[-0.47916965465815503,-0.14279320887406866],[-0.4075180754869417,-0.2936220782816668],[-0.36314808708209745,-0.3437713318806846],[-0.22299641648759919,-0.44760002720496705],[-0.07152013473979726,-0.4951683079338512],[-0.0001924853078869934,-0.5011027087325857],[0.2102025628543571,