[{"normal":[-0.0002672001401459826,0.9997640541939946,-0.021720141474500167],"root":[4.4272863380574385,15.657781269646252,782.5449655998912],"cov":[[0.0011981513581713593,-0.000002363721141913411,2.688692917926222e-7],[-0.000002363721141913411,0.0012357262843860177,0.000026845852300261225],[2.688692917926222e-7,0.000026845852300261225,5.833151546360613e-7]],"n":1019,"id":"h","colors":{"mean":[161.8675226949967,147.5917624593717,116.81648846989876],"cov":[[83.94432041409334,98.57047968726678,103.5070833183058],[98.57047968726678,123.8218490706523,129.05654215582592],[103.5070833183058,129.05654215582592,139.61450854772374]]},"roughness":0.1392610383508501,"rot":[[0.999764084815979,-0.0000029021548471064307,0.021720141172409058,0],[-0.0000029021548471064307,0.9999999403953552,0.0002672001428436488,0],[-0.021720141172409058,-0.0002672001428436488,0.9997640252113342,0],[0,0,0,1]],"poly":{"xy":[[-191.83329567801616,-61.55332393571369],[-191.8298166741099,-128.91587276383868],[-144.9356516350474,-187.9760839454793],[-188.77018532645366,-463.2345983497762],[-20.463727806922407,-499.6751195900106],[141.6017018805776,-479.5242712013387],[239.0034352790151,-439.2609655372762],[154.9218923102651,-208.76745052262774],[159.39985861885884,-114.96179408952229],[177.5548268805776,-37.388727378096505],[163.8982106696401,53.21496753767498],[154.8928395758901,110.20211582258709],[154.8856374274526,212.4317529685832],[210.12178244698384,453.9469202049113],[119.67854514229634,485.6465051658488],[-31.604474877234907,499.07210331038004],[-173.42240700614116,469.17369632795817],[-191.84708962332866,261.77489261702067],[-191.84367165457866,137.160466957841],[-191.84025368582866,59.696714211258964]],"rhoDist":[201.51009816132918,231.1614938426851,237.38485778749566,500.2382855798061,500.094318081161,500.0031973765399,500.09857851468064,259.9914847909615,196.56125010150325,181.48958717551835,172.35785464938738,190.12586794390515,262.92306140267783,500.2408526720805,500.1829154977477,500.07210115637474,500.21248079953995,324.57386617604783,235.86862371586324,200.95663915394772]},"features":[64.85070416996314,172.35785464938738,0.1392610383508501],"projected":{"root":[0.7825449655998912,0.004427286338057439],"xy":[[-0.1920050630427841,-0.061555437009608346],[-0.19200138936306574,-0.12891798344284078],[-0.1451181157294716,-0.18797832861002983],[-0.18894150956866462,-0.46323670597239835],[-0.020674651486969533,-0.4996777143630203],[0.14135248684730328,-0.479527337032742],[0.23873112534235516,-0.43926431548107475],[0.15466874913127698,-0.20877056467789146],[0.15914538680383794,-0.11496492458960286],[0.17729584699606113,-0.037391913336232124],[0.16364218957292406,0.05321181797840515],[0.154638777551678,0.11019899036373335],[0.15463128041606808,0.21242862388081138],[0.20985369375649068,0.45394362219068074],[0.11943170092820445,0.48564346850014944],[-0.03181566886152941,0.49906950521210014],[-0.173600057937536,0.46917151087470854],[-0.19201979208250075,0.2617727680396394],[-0.19201601326973067,0.13715834681954556],[-0.1920123712955123,0.059694596828668095]],"resolution":null},"type":"reactive"},{"normal":[0.015692073820397615,0.9997527276808392,-0.01575570734485472],"root":[-94.05113288804229,52.08545925347089,1096.4719244294565],"cov":[[0.0010413905809510949,0.00018298934088575337,-0.0000134617800955118],[0.00018298934088575337,0.0011546380882133573,0.000015324446873105225],[-0.0000134617800955118,0.000015324446873105225,0.000019759432958114796]],"n":406,"id":"h","colors":{"mean":[111.83990444217262,110.2487714478535,106.73399280811765],"cov":[[825.9624691048614,801.1086036644359,744.2475096267952],[801.1086036644359,796.5552992318635,733.9235756407224],[744.2475096267952,733.9235756407224,702.8928651425158]]},"roughness":13.029950923122412,"rot":[[0.9998758435249329,0.00012363515270408243,0.015755707398056984,0],[0.00012363515270408243,0.999876856803894,-0.015692073851823807,0],[-0.015755707398056984,0.015692073851823807,0.9997527003288269,0],[0,0,0,1]],"poly":{"xy":[[-160.42785704664402,-34.849959641254586],[-158.83062804273777,-113.77464225844209],[-160.95300353101902,-143.56564262465304],[-83.67108214430027,-194.68815544203585],[-55.40100157789402,-201.1141197975046],[0.49951111741847853,-182.7437584693796],[136.99706971116848,-197.10774162367647],[259.714232797106,-202.75331047133272],[490.4606927580435,-194.16120842055147],[490.4606927580435,-128.87666252211397],[498.3679193205435,126.91935798569854],[413.4614251799185,289.5429389183157],[326.777953500231,378.357712477886],[292.5654290861685,410.982468337261],[59.96350037523098,416.8589026634329],[-40.33117735914402,510.4478614036673],[-252.87182677320652,421.280319899761],[-176.78649962476902,215.75134345933134],[-181.16412413648777,114.39760848923858],[-172.36071837476902,49.50375434800323]],"rhoDist":[164.189523835291,197.13084879111383,215.68517340498866,211.91647865437145,209.26874907271383,183.3812158421829,241.1216559118176,329.95283257748105,527.8378118512547,507.46725858298964,514.618190231293,505.1821834503527,500.00739849497313,505.013477459458,422.0944051705259,512.9388415391628,492.59255148642035,280.92459648358977,216.86926223676218,182.40743209429388]},"features":[20.19422162572012,164.189523835291,13.029950923122412],"projected":{"root":[1.0964719244294565,-0.09405113288804229],"xy":[[-0.16056980784654598,-0.034708582146600005],[-0.1589825349818146,-0.11362334883507175],[-0.16110833022053497,-0.14341094326239567],[-0.08384232288081074,-0.1945176063058043],[-0.05557654613844307,-0.20093928421934795],[0.0003192984849368546,-0.1825642736725137],[0.13679813685568804,-0.1969096122103042],[0.25949936827119463,-0.20253931373172662],[0.4902182464589153,-0.19391974130389775],[0.490226317923354,-0.12864323427118923],[0.498164188289022,0.12712226619642925],[0.4132883401341669,0.2897153249150655],[0.32662660966526946,0.37850844507138354],[0.2924223658408971,0.41112495378438496],[0.05985003805420562,0.4169719067373468],[-0.04042061856474716,0.510536941377685],[-0.2529459081675933,0.42135410209715723],[-0.17689543659097473,0.21585984045524872],[-0.18128504856362468,0.1145180445316065],[-0.17249075878713271,0.04963326955831919]],"resolution":null},"type":"preview"},{"normal":[-0.0002807952603585169,0.999765504797971,-0.021653096085316792],"root":[-825.2683803851788,102.38195056915283,1256.1899554912861],"cov":[[0.0011983670328529188,0.000010398858479349719,5.617950030587105e-7],[0.000010398858479349719,0.0012145149606022127,0.00002630709797740359],[5.617950030587105e-7,0.00002630709797740359,5.69934742139851e-7]],"n":520,"id":"h","colors":{"mean":[92.99615590274334,93.01154051721096,187.01538866758347],"cov":[[0.1921157308480561,0.07490033065210205,0.0787538662910347],[0.07490033065210205,0.18432007254049496,0.1341798156857376],[0.0787538662910347,0.1341798156857376,0.2571533725795384]]},"roughness":0.005262207492941627,"rot":[[0.9997655153274536,-0.0000030403998607653193,0.02165309526026249,0],[-0.0000030403998607653193,0.9999999403953552,0.0002807952696457505,0],[-0.02165309526026249,-0.0002807952696457505,0.9997655153274536,0],[0,0,0,1]],"poly":{"xy":[[-128.36915471003613,-40.10442234919617],[-128.35963322566113,-92.30345799372742],[-128.35023381159863,-174.94841648982117],[-101.10670353816113,-302.54546238825867],[-2.9665668194111277,-354.81181981013367],[52.76268122746387,-384.49040867732117],[59.09959528996387,-165.10869481013367],[59.08726618840137,-79.79363133357117],[65.48423884465137,-39.56169773982117],[59.07505915715137,-18.17595555232117],[52.71397517277637,12.53345606877258],[52.70164607121387,36.17096827580383],[65.47190974308887,88.76227686955383],[59.05052302433887,176.14093897892883],[9.091904860276372,301.6242763812726],[-84.49586369441113,301.42060206486633],[-123.01136662409863,302.1534511859601],[-128.38819767878613,173.01868556096008],[-128.37867619441113,90.37854884221008],[-128.37867619441113,38.18860743596008]],"rhoDist":[134.51687990049666,158.1265848704516,216.99943664187077,319.0007978975236,354.8242601984294,388.0951505019057,175.37150289735365,99.29708564641547,76.51987802704875,61.82123156546873,54.195518881222945,63.93076430161063,110.30584315697514,185.78043327386234,301.7614088086786,313.0447008745696,326.2440686421217,215.46806052186994,157.02542789398998,133.96683911491868]},"features":[10.764821740200418,54.195518881222945,0.005262207492941627],"projected":{"root":[1.256189955491286,-0.8252683803851788],"xy":[[-0.12855546684783054,-0.04010683842701865],[-0.12854578888988205,-0.09230587204241571],[-0.12853614040584657,-0.17495082730859404],[-0.1012986095893572,-0.3025479510074103],[-0.003181323481737428,-0.3548146047538051],[0.05253494875590638,-0.3844933618900344],[0.05886971008418119,-0.16511167593929674],[0.058857124481341026,-0.07979661578901803],[0.06525247500924787,-0.039564703230871835],[0.05884473296972742,-0.01817894240009158],[0.05248504700933343,0.012530487350442225],[0.05247264893091128,0.03616799866298822],[0.06523975864212049,0.08875926635648067],[0.05881961178849479,0.17613794454430692],[0.008872325191421783,0.3016214288933179],[-0.08469350055126189,0.30141803912917997],[-0.12319997552703729,0.3021510053239088],[-0.1285751533313131,0.1730162611381006],[-0.12856538282024535,0.09037612764870474],[-0.12856522414195504,0.03818618830017951]],"resolution":null},"type":"step"},{"normal":[-0.0002877766048295151,0.9997638274419249,-0.02173031346527135],"root":[-757.7217507352998,15.528946416551332,786.6151150027052],"cov":[[0.0012012894353277833,-7.775511957902943e-7,3.288842373280154e-7],[-7.775511957902943e-7,0.0012430255557755376,0.000027017492001501134],[3.288842373280154e-7,0.000027017492001501134,5.873418119055202e-7]],"n":1018,"id":"h","colors":{"mean":[164.50491697781797,151.7387094051524,121.04125996206271],"cov":[[49.23117765628379,55.19754907252656,62.41688105076464],[55.19754907252656,69.7395410497162,77.10204826004737],[62.41688105076464,77.10204826004737,90.83062192582736]]},"roughness":0.10858497801070839,"rot":[[0.9997638463973999,-0.0000031271072202798678,0.021730313077569008,0],[-0.0000031271072202798678,0.9999999403953552,0.00028777660918422043,0],[-0.021730313077569008,-0.00028777660918422043,0.9997638463973999,0],[0,0,0,1]],"poly":{"xy":[[-195.8617580691115,-60.66222143266896],[-195.86181910426774,-104.45110082720021],[-164.8959377566115,-120.94164037798146],[-60.89844019801774,-176.3267111787627],[-1.9224270144239881,-207.7338156709502],[81.77599827854476,-252.30394506548146],[244.78783909885726,-339.1140646943877],[331.92150609104476,-376.5864768037627],[331.90209691135726,-238.11229467485646],[331.88280980198226,-104.10960912798146],[331.86340062229476,105.81049585248729],[415.07714573948226,280.02417993451854],[381.01293675510726,323.8708291044404],[289.93737523166976,407.55118799115917],[69.28899876682601,495.2284951200654],[-35.62372095973649,498.7450661649873],[-161.76636011989274,462.0859169950654],[-195.882632092549,269.4599099149873],[-195.872134045674,141.45374536420604],[-195.868716076924,60.60944604779979]],"rhoDist":[205.08542945048413,222.01404998124525,204.52536831752596,186.5519384050548,207.74273727768556,265.2310453257809,418.26633367082195,502.03551374981066,408.54314939236946,347.9032673576293,348.3986927092383,500.7846487751647,500.13327110355704,500.20276827671205,500.0549477607713,500.01609028033494,489.59491416027555,333.16071591706793,241.64615644580948,205.07571150640774]},"features":[65.38042434516638,186.5519384050548,0.10858497801070839],"projected":{"root":[0.7866151150027052,-0.7577217507352998],"xy":[[-0.19603262244520367,-0.060664484205827596],[-0.1960325465334283,-0.10445336178675761],[-0.16507392562712134,-0.12094399748825314],[-0.06110081192170221,-0.1763293912067176],[-0.0021386265982763237,-0.20773667882257044],[0.08154017426522345,-0.25230706810528475],[0.24451379437738202,-0.33911769389465873],[0.33162700357722036,-0.37659037692852054],[0.331607165957035,-0.23811620047349252],[0.3315874643611866,-0.10411352041570124],[0.33156740332194257,0.10580657593212947],[0.41476095429731136,0.2800199925812229],[0.3807046518204526,0.3238667464577746],[0.2896503343962332,0.4075473866821167],[0.06905378570893932,0.4952253801712029],[-0.035834171853631434,0.498742279143814],[-0.16194691017081794,0.46208352595359514],[-0.1960545238669226,0.2694576335358956],[-0.1960436280099667,0.14145147425335108],[-0.1960399580395164,0.06060717827422726]],"resolution":null},"type":"reactive"},{"normal":[-0.00027617429178822045,0.9997641305490435,-0.021716514344525685],"root":[21.543218751956942,38.80645629649854,1848.5201169079496],"cov":[[0.0012061696217061913,-0.000015110347932713691,4.970125720447092e-9],[-0.000015110347932713691,0.0012948231495029728,0.000028121505414208366],[4.970125720447092e-9,0.000028121505414208366,6.108708288583136e-7]],"n":262,"id":"h","colors":{"mean":[160.240463663376,144.7557314138376,115.17175706913908],"cov":[[57.794484156149906,66.92163025355852,70.7725422874256],[66.92163025355852,88.5112840168603,91.17107831955508],[70.7725422874256,91.17107831955508,102.78088571743635]]},"roughness":0.17529731349748115,"rot":[[0.9997641444206238,-0.0000029991251722094603,0.021716514602303505,0],[-0.0000029991251722094603,0.9999999403953552,0.00027617427986115217,0],[-0.021716514602303505,-0.00027617427986115217,0.9997641444206238,0],[0,0,0,1]],"poly":{"xy":[[-345.9921628063871,-42.47425856213761],[-411.0618649548246,-298.40552343945694],[-382.5496579235746,-322.36331762891007],[-188.2183590954496,-463.2657224140663],[-47.141332728262114,-498.22241797070694],[0.02089871705038604,-500.1832028828163],[261.6068362170504,-426.1967221699257],[284.6046389514254,-389.7035581074257],[284.5763186389254,-205.5579282246132],[284.5475100451754,-87.18101324658585],[284.5187014514254,90.3788622416954],[284.4903811389254,202.17208276171493],[284.4618166858004,386.29891381640243],[250.0797366076754,433.90026269335556],[109.38759793580039,487.95678124804306],[-145.8127194470121,478.5145815410118],[-179.9555417126371,466.6550539531212],[-368.1216794079496,338.6711672343712],[-323.5649167126371,233.52950463671493],[-353.4172116345121,67.8226107158165]],"rhoDist":[348.67085451652946,508.0342301232663,500.3325981682295,500.0590289457512,500.44901894841456,500.18321890503563,500.11282493388444,482.60293888598403,351.1057085015701,297.66713305084994,298.5928316057947,349.06618429879256,479.7757884984334,500.8393913336357,500.07374216676953,500.24670971630667,500.1651985311162,500.27414953199883,399.09751119684614,359.94752859391366]},"features":[26.7625939779951,297.66713305084994,0.17529731349748115],"projected":{"root":[1.8485201169079497,0.021543218751956944],"xy":[[-0.34612760477909216,-0.04247598101125154],[-0.41118119388450636,-0.2984070409750118],[-0.38267563907197727,-0.322364919762378],[-0.18838974706474385,-0.4632679019973222],[-0.047345886238037184,-0.49822501932835583],[-0.00019477124292551252,-0.5001859456111157],[0.26132925420795,-0.4262002522490886],[0.28432152389280385,-0.38970715855174975],[0.2842926579833238,-0.20556153560742915],[0.28426350115635507,-0.0871846250579699],[0.284234166832279,0.09037524374446858],[0.28420551791673215,0.20216846008556177],[0.2841764079805832,0.3862952842032066],[0.24980229351105093,0.4338967343807772],[0.10914317232832699,0.48795367282705215],[-0.1459969325108993,0.4785122388578515],[-0.18013166726180288,0.46665281412088877],[-0.3682530456506033,0.33866949661732587],[-0.3237064755020133,0.23352770439852835],[-0.3535512333423413,0.0678209063285628]],"resolution":null},"type":"reactive"},{"normal":[-0.0003150791900789762,0.9997649410476159,-0.02167863872942126],"root":[-1002.5522982921665,35.27963025642164,1698.845337736085],"cov":[[0.001203199003618396,0.000003726377595508809,4.599938869075199e-7],[0.000003726377595508809,0.0012025021351408825,0.00002607591283986621],[4.599938869075199e-7,0.00002607591283986621,5.655891612811685e-7]],"n":297,"id":"h","colors":{"mean":[162.6195341258338,149.3097705838054,119.41414302196165],"cov":[[39.57753465786364,43.540275013943095,47.24764820278603],[43.540275013943095,53.96510107623188,58.21107631860201],[47.24764820278603,58.21107631860201,68.32941876937629]]},"roughness":0.07159659575818868,"rot":[[0.9997649788856506,-0.000003415645323912031,0.021678639575839043,0],[-0.000003415645323912031,0.9999999403953552,0.0003150792035739869,0],[-0.021678639575839043,-0.0003150792035739869,0.9997649192810059,0],[0,0,0,1]],"poly":{"xy":[[-296.01831136889746,-94.82111479377102],[-295.99011312670996,-211.17255522345852],[-295.97595297045996,-292.1102993640835],[-127.50085531420996,-381.826730028146],[-4.435913907959957,-447.367501512521],[130.83715738110254,-483.7282192859585],[218.64562906079004,-449.7223599109585],[344.46496499829004,-364.775948778146],[269.74426187329004,-188.10920073127102],[259.35851968579004,-78.36090971564602],[269.69445718579004,30.124075635916483],[259.28442300610254,182.61260102654148],[399.97717202954004,300.109305128104],[159.33105386547754,474.27049897576023],[93.29467691235254,492.22475312615086],[-127.63684164233496,483.5383822765415],[-282.31140218920996,412.705252393729],[-296.07446371264746,405.9084994640415],[-296.06042562670996,213.71904633904148],[-296.04638754077246,92.33037446404148]],"rhoDist":[310.90119178284016,363.65676773791046,415.8999615592102,402.562337793598,447.3895560518065,501.1173657977982,500.0773549835938,501.7687154648806,328.90828246986484,270.99559256285886,271.4349810836378,317.18782615927563,500.1241413411956,500.33170733156624,500.9927687075021,500.1074817654897,500.06149795541245,502.45579105904113,365.1960567951302,310.1762712497851]},"features":[29.338070466957642,270.99559256285886,0.07159659575818868],"projected":{"root":[1.698845337736085,-1.0025522982921664],"xy":[[-0.29616520682205044,-0.09482324978485525],[-0.29613661779144945,-0.2111746845347905],[-0.29612218450833405,-0.2921124247057663],[-0.12768637362887084,-0.38182942636720396],[-0.004650129765440335,-0.44737061494412156],[0.13059127528791709,-0.4837317929573381],[0.21837899500738456,-0.4497262351931034],[0.3441684720828554,-0.3647802580315463],[0.26946472558770607,-0.18811326353556232],[0.2590810492850561,-0.07836494249419015],[0.2694141871972836,0.03012000216792413],[0.2590060786258052,0.18260855554550356],[0.3996653622164216,0.3001047732576022],[0.15907520325744523,0.4742667804211329],[0.09305428414227787,0.492221259237063],[-0.1278252837793127,0.4835356434423998],[-0.2824632524237234,0.41270304538942854],[-0.2962230562842832,0.405906339806892],[-0.2962083650464041,0.21371689617485823],[-0.2961939156388881,0.09232823027804121]],"resolution":null},"type":"reactive"}]