[{"r":317.2932802334846,"xc":-1047.3802325202057,"yc":315.500431060791,"zc":4288.039167376052,"root":[-1011.4359174326046,380.77300497845386,3975.553492303623],"h":462.20140838623047,"error":12379.889231484476,"id":"cyl","type":"avoid"},{"normal":[-0.0004652999874983327,0.9604211696851893,-0.27855153978474845],"root":[-5.089018139677744,181.43517335255942,4047.0068155924478],"cov":[[0.001259900149011238,-0.00000102937225103552,3.118405835896044e-7],[-0.00000102937225103552,0.00034431570802132276,0.00009986159687208608],[3.118405835896044e-7,0.00009986159687208608,0.000028963281914002478]],"n":48,"id":"h","colors":{"mean":[196.00000351667404,196.00000351667404,98.00000175833702],"cov":[[0.0020408163170273206,-9.503291577708964e-12,-4.751645788854482e-12],[-9.503291577708964e-12,0.0020408163170273206,-4.751645788854482e-12],[-4.751645788854482e-12,-4.751645788854482e-12,0.0020408163241547894]]},"roughness":0.014298332888276413,"rot":[[0.9604212641716003,-0.00006611335993511602,0.27855154871940613,0],[-0.00006611335993511602,0.9999998807907104,0.00046529999235644937,0],[-0.27855154871940613,-0.00046529999235644937,0.9604211449623108,0],[0,0,0,1]],"poly":{"xy":[[-218.78855387369777,-44.986646380585924],[-202.97825113932277,-145.75026103512695],[-202.97825113932277,-276.5765702392285],[-202.89744059244777,-397.34799357907224],[-123.21091715494777,-402.461702075166],[128.46925862630223,-418.6127030517285],[181.23488362630223,-421.9995743896191],[181.14015706380223,-240.43962260739258],[181.04543050130223,-122.96307536618163],[180.95021565755223,-48.20763179318358],[180.95021565755223,58.5816328857715],[180.85548909505223,122.65249470217775],[180.76076253255223,240.11257770999023],[180.66603597005223,421.63635090334964],[127.91212972005223,418.33947590334964],[-107.50217692057277,434.2803633545215],[-203.30222574869777,397.64794758303714],[-218.94944254557277,286.2581465576465],[-203.22141520182277,146.08381489260742],[-203.14011637369777,65.5818884704883]],"rhoDist":[232.20588819946025,256.7483752742725,348.09970048066214,450.0406256233949,422.42943574061684,439.44675041753965,462.24305380075384,305.5605579185975,225.04680114756553,194.4721883685979,197.30400835218137,224.74437056211843,305.107546072606,461.71954697450974,439.04690659103636,448.4583586324099,450.4559816836537,365.91973765499205,257.1024178709434,221.43524989617285]},"features":[6.25388853843473,194.4721883685979,0.014298332888276413],"projected":{"root":[4.0470068155924475,-0.005089018139677744],"xy":[[-0.2129117241671351,-0.04497682956610662],[-0.19772051115486006,-0.14574147836477833],[-0.19771186178815325,-0.276567773120745],[-0.19762626501484512,-0.3973391884655473],[-0.12109329408202794,-0.4024581647406027],[0.12062677032023289,-0.4186258033552257],[0.17130422334664802,-0.4220161628317708],[0.17120124240201381,-0.24045622483788628],[0.17110249822649023,-0.12297968430780423],[0.17100610953091405,-0.04822424269563985],[0.17099904933395385,0.058565010189772254],[0.17090383598766695,0.12263587119304177],[0.17080509290064913,0.24009594749154364],[0.17070211434790297,0.4216197069005565],[0.1200363581432833,0.41832632000258163],[-0.10606160550531891,0.43428276972377744],[-0.19806758914460243,0.3976566916608776],[-0.21308814477714502,0.2862679374271584],[-0.1979733452259866,0.14609258140991346],[-0.19788994184866937,0.06559065850328995]],"resolution":null},"type":"ramp"},{"normal":[-0.0004726956736970221,0.9604670356448355,-0.2783933368427167],"root":[867.5384896801364,128.17983316606092,1042.1606245963803],"cov":[[0.0011996092670783056,-0.0000016422804364479592,1.143716294924781e-7],[-0.0000016422804364479592,0.0004038640115900832,0.00011706000242153774],[1.143716294924781e-7,0.00011706000242153774,0.00003393015205563123]],"n":496,"id":"h","colors":{"mean":[196.00000351667404,196.00000351667404,98.00000175833702],"cov":[[0.00020120723596521068,-7.495553920446508e-12,-3.747776960223254e-12],[-7.495553920446508e-12,0.00020120723596521068,-3.747776960223254e-12],[-3.747776960223254e-12,-3.747776960223254e-12,0.00020120724158687611]]},"roughness":0.003784630757982155,"rot":[[0.9604671597480774,-0.00006712447793688625,0.27839332818984985,0],[-0.00006712447793688625,0.9999998807907104,0.0004726956831291318,0],[-0.27839332818984985,-0.0004726956831291318,0.9604670405387878,0],[0,0,0,1]],"poly":{"xy":[[-277.6818037955991,-88.91562591060517],[-277.6663008659116,-199.06442962154267],[-297.0502119987241,-244.77011809810517],[-139.43589315106783,-244.39371428951142],[-16.23020467450533,-245.52121673091767],[0.05312052080716967,-241.55405364498017],[151.93678751299467,-239.43234954341767],[151.92665567705717,-208.91086516841767],[151.90614786455717,-108.62082610591767],[151.88588419268217,-47.58255706294892],[151.86549845049467,48.33986725345733],[151.85536661455717,109.38204254642608],[151.82472696611967,205.28865875736358],[151.82472696611967,244.53450836673858],[67.22743692705717,209.95211090580108],[-0.03794393231783033,182.45259918705108],[-98.52646932294283,142.19020905033233],[-157.68418416669283,118.01082672611358],[-248.00059041669283,81.09334625736358],[-277.7076827018491,68.94997467533233]],"rhoDist":[302.4880315576819,351.0249366262496,394.4417804405576,284.27728296863575,246.10442387709742,241.5540819189608,286.9522378908115,262.022414291044,191.85262027240606,165.13499685115966,165.34554140007762,192.26410283612597,259.11248839998956,291.1931844856425,221.3202050704543,182.4526181502885,175.31932710954814,202.1745774237592,270.6328742454824,297.2367458322192]},"features":[8.453588316279685,165.13499685115966,0.003784630757982155],"projected":{"root":[1.0421606245963804,0.8675384896801365],"xy":[[-0.2694822155458984,-0.08890170348726095],[-0.26945993181028693,-0.1990504956847849],[-0.28807447371400446,-0.24475487781720065],[-0.1366911234172769,-0.24438905383034532],[-0.018356031306421397,-0.24552482626074093],[-0.0027166986635222116,-0.24155875663665444],[0.14316243162775785,-0.2394472478887353],[0.14315065159347576,-0.20892576631228016],[0.14312422259676347,-0.10863573730360614],[0.14310066284366468,-0.047597473857191354],[0.14307464426533636,0.04832494089498713],[0.14306081554561587,0.1093671099108625],[0.14302494948828998,0.20527371724766202],[0.14302231513113112,0.24451956238405195],[0.06177171842724995,0.20994284741350264],[-0.002832624304380146,0.1824478539825277],[-0.09742491496451143,0.14219207942548379],[-0.15424233369000875,0.11801667078778649],[-0.24098579689811744,0.08110525696825094],[-0.26951766803121346,0.0689638808432968]],"resolution":null},"type":"ramp"},{"normal":[-0.0001081426333866073,0.970266504342427,0.24203904407408688],"root":[984.3482583204107,134.79048758655338,1409.2074956079225],"cov":[[0.0012230407342703885,0.000017943959733348655,-0.000004339916915790406],[0.000017943959733348655,0.0004930414394182983,-0.00012299026880200595],[-0.000004339916915790406,-0.00012299026880200595,0.00003068021221425009]],"n":199,"id":"h","colors":{"mean":[167.00000524520874,167.00000524520874,84.00000259280205],"cov":[[0.0004999999767169356,-2.3283064365386964e-11,-1.1641532182693482e-11],[-2.3283064365386964e-11,0.0004999999767169356,-1.1641532182693482e-11],[-1.1641532182693482e-11,-1.1641532182693482e-11,0.0004999999953433871]]},"roughness":0.0030301240245476963,"rot":[[0.9702665209770203,0.000013284872693475336,-0.2420390397310257,0],[0.000013284872693475336,1,0.0001081426307791844,0],[0.2420390397310257,-0.0001081426307791844,0.9702665209770203,0],[0,0,0,1]],"poly":{"xy":[[-164.8190678735475,-51.89879542978565],[-164.81918994386,-118.8132851758794],[-164.8300542016725,-225.8837197461919],[-164.8410405297975,-341.87389308603565],[-97.23935595948501,-354.00194484384815],[55.03969677488999,-341.12731105478565],[223.08559521239,-329.64708644541065],[223.08559521239,-302.37291652353565],[223.10366161864,-160.5376504102544],[285.7090082983275,-46.46874171884815],[223.1216059545775,68.58045261708935],[272.91420849364,104.37012546865185],[223.12172802489,303.14368503896435],[223.1396723608275,406.80420749990185],[97.24892529051499,324.54639499990185],[-4.93686572511001,257.77747410146435],[-70.46506396729751,214.96485203115185],[-164.8080815454225,153.31653660146435],[-164.8080815454225,117.62854832021435],[-164.8080815454225,50.71338718740185]],"rhoDist":[177.62037419238035,207.2953454882102,282.63306569501447,381.75767232367383,367.912738988809,345.81290124950283,401.91385084879465,379.86377388218955,280.44050741725755,298.10881586894124,239.9662621517247,300.0147242041561,380.4903847678702,467.3055582435894,339.6682241599266,257.82782444979773,226.90249315679281,228.82167405504,206.61426145787908,177.26825990796797]},"features":[8.168597200485856,177.26825990796797,0.0030301240245476963],"projected":{"root":[1.4092074956079226,0.9843482583204106],"xy":[[-0.15749872084110134,-0.05190206614839398],[-0.15749972823231254,-0.11881655549892789],[-0.1575116918749156,-0.22588698957803718],[-0.15752389245584833,-0.34187716237535476],[-0.09193240299851448,-0.3540043159814085],[0.05581903312439056,-0.3411276592609417],[0.21886849308121134,-0.3296452022513483],[0.21886885541508552,-0.3023710324913634],[0.21888826890747942,-0.16053576697995794],[0.27963365554605557,-0.04646602726156753],[0.21890872350051066,0.06858233492580726],[0.26722129366499686,0.10437266905331843],[0.2189119580839193,0.30314556595701675],[0.21893074598896897,0.4068060880410491],[0.09678207736819167,0.32454660358675996],[-0.0023662604971560917,0.25777632555941904],[-0.06594664549064623,0.2149628332094586],[-0.15748533491529762,0.1533132648107199],[-0.1574858090256773,0.1176252767413016],[-0.1574866979850717,0.05071011600567464]],"resolution":null},"type":"ramp"},{"normal":[-0.00047260903467914565,0.9604192874016111,-0.27855801734590574],"root":[-1014.9330757759712,136.4287144428975,2954.1165210620775],"cov":[[0.0011960716366239631,0.0000019082624769748187,0.000001142038782583293],[0.0000019082624769748187,0.00027468886987256567,0.00007967112889599826],[0.000001142038782583293,0.00007967112889599826,0.000023108315752623886]],"n":74,"id":"h","colors":{"mean":[196.00000351667404,196.00000351667404,98.00000175833702],"cov":[[0.0013333333271245162,-6.2088171641031905e-12,-3.1044085820515953e-12],[-6.2088171641031905e-12,0.0013333333271245162,-3.1044085820515953e-12],[-3.1044085820515953e-12,-3.1044085820515953e-12,0.0013333333317811292]]},"roughness":0.010155759375954419,"rot":[[0.9604194164276123,-0.00006715350900776684,0.27855801582336426,0],[-0.00006715350900776684,0.9999998807907104,0.0004726090410258621,0],[-0.27855801582336426,-0.0004726090410258621,0.9604192972183228,0],[0,0,0,1]],"poly":{"xy":[[-147.96564215582748,-45.67556680215375],[-158.93610114020248,-114.41311563027875],[-147.87384528082748,-196.11855996621625],[-147.78180426520248,-441.56875527871625],[-69.16412848395248,-464.77346719277875],[144.81780510979752,-460.81069863809125],[169.76800042229752,-467.85977090371625],[220.22210198479752,-294.93972695840375],[220.10955315667252,-158.79531777871625],[220.10955315667252,-65.22903359902875],[219.99724846917252,70.90206991659625],[219.94109612542252,155.97494589315875],[219.88494378167252,300.5825508736275],[219.82879143792252,394.1533516548775],[119.73015862542252,405.87045370565875],[-114.80743903082748,369.58102499472125],[-148.14972418707748,373.909577240815],[-148.05768317145248,199.74435507284625],[-148.01178473395248,104.741608490815],[-159.02765387457748,43.5871895455025]],"rhoDist":[160.69503337501513,201.20063554975818,249.3540619610567,467.62952463342543,470.33010495116235,484.833620900245,500.1130990788025,373.5565235672175,278.79956485100433,238.264104843624,239.7924369667663,277.0938332011324,377.866749508942,455.81788915246796,424.5988967906738,388.4151328901317,404.45905509639533,252.2995271630409,186.32615573103408,171.21418316931513]},"features":[8.00013443331832,160.69503337501513,0.010155759375954419],"projected":{"root":[2.9541165210620774,-1.0149330757759711],"xy":[[-0.1448915863564458,-0.04567035127629045],[-0.1554232120389474,-0.11440715556801631],[-0.1447933200817094,-0.1961133334641951],[-0.14468843926250674,-0.4415635069923385],[-0.06918093987639866,-0.46477349571543985],[0.13633119456862747,-0.4608250972501066],[0.16029431958381954,-0.46787584420578304],[0.20873980541357218,-0.2949592081320211],[0.20862256876053759,-0.15881480690582359],[0.20861628545616306,-0.06524853338655953],[0.20849928417404337,0.07088256216069651],[0.20843964143147126,0.15595543221535435],[0.20837600072289597,0.30056302449086164],[0.20831578731484782,0.39413381838200057],[0.11217833146998156,0.4058576410723121],[-0.11307369069932895,0.3695839665188358],[-0.14509655892574624,0.37391475732322876],[-0.14499646514268086,0.19974954881780216],[-0.14494600362494842,0.10474680997761572],[-0.15552175133631657,0.04359313775417398]],"resolution":null},"type":"ramp"},{"normal":[-0.00028729480440201625,0.9997651357306838,-0.021670044741596277],"root":[-22.506011407738658,123.79710143871522,2232.699391568645],"cov":[[0.001158938204707575,0.000023256552391480206,8.371240662262855e-7],[0.000023256552391480206,0.0012800789910351153,0.000027752568581920388],[8.371240662262855e-7,0.000027752568581920388,6.018094174142279e-7]],"n":178,"id":"h","colors":{"mean":[93.11797957741813,92.8707885809159,186.89888046363765],"cov":[[1.8023599634753469,-0.8116564219830527,-0.38478433678717505],[-0.8116564219830527,0.9839556921962856,0.06521874810334857],[-0.38478433678717505,0.06521874810334857,1.9010041046169635]]},"roughness":0.006004626853435006,"rot":[[0.999765157699585,-0.0000031132112781051546,0.02167004533112049,0],[-0.0000031132112781051546,0.9999999403953552,0.0002872947952710092,0],[-0.02167004533112049,-0.0002872947952710092,0.999765157699585,0],[0,0,0,1]],"poly":{"xy":[[-91.34441109989484,-29.037323553198842],[-91.34465524051984,-61.323761541480096],[-91.31609078739484,-119.44134576999572],[-91.28801461551984,-280.8800054379645],[-79.34367867801984,-411.69757135593323],[97.31501272823016,-415.76837213718323],[97.28254202510516,-299.316650945777],[97.24958304073016,-128.0713506528082],[97.24958304073016,-66.42475946628478],[97.21686819698016,-18.476807195776967],[97.21686819698016,29.46983281887147],[97.21686819698016,70.56695501125428],[97.18415335323016,125.36159459865662],[97.15119436885516,296.593017022973],[18.98517874385516,477.31341497219177],[-43.33293649051984,468.4982599428949],[-91.42912789676984,280.9017328432855],[-91.37273141239484,119.47894994533631],[-91.37273141239484,61.36416951931092],[-91.34441109989484,29.078269880181285]],"rhoDist":[95.86919751352443,110.03819155037242,150.362623257242,295.3494473226541,419.27759761896823,427.0100103121034,314.73558294500145,160.82308152582974,117.78827684517812,98.97960907800268,101.60743431580849,120.1470757121015,158.63449774265973,312.10666596865246,477.6911570869119,470.4986643748857,295.412655391795,150.42599912126127,110.0834027079409,95.88143546197682]},"features":[9.07560151729257,95.86919751352443,0.006004626853435006],"projected":{"root":[2.232699391568645,-0.022506011407738658],"xy":[[-0.09153957137976926,-0.02903991092831053],[-0.0915397149485633,-0.0613263475832413],[-0.09151097627071324,-0.11944392950193897],[-0.0914824040991218,-0.2808825825940957],[-0.07954046570364923,-0.4117001802979411],[0.09707675485279865,-0.4157715308869936],[0.09704392923573597,-0.2993198144009275],[0.09701044486809753,-0.12807452107332884],[0.09701025294923796,-0.06642793243120676],[0.09697739651558238,-0.018479982037854472],[0.09697724724756455,0.02946665599784439],[0.09697711930354247,0.07056377649398461],[0.0969442415547031,0.12535841392164127],[0.09691075723026939,0.2965898293811603],[0.018762534162419197,0.4773104632186427],[-0.043540919902034375,0.4684955025626383],[-0.09162523318894131,0.2808991329394907],[-0.09156834740453823,0.1194763565285312],[-0.09156816648095153,0.06136157850113518],[-0.09153975230588703,0.029075680106406637]],"resolution":null},"type":"step"},{"normal":[-0.00021877144368412764,0.9997607694891281,-0.02187134951396453],"root":[1036.3195172738338,146.66099703139153,3273.028461843297],"cov":[[0.0012139602545186848,0.000023766385372655658,7.855706911028881e-7],[0.000023766385372655658,0.0009664010401596435,0.00002114675327501883],[7.855706911028881e-7,0.00002114675327501883,4.628376240519068e-7]],"n":69,"id":"h","colors":{"mean":[93.00000205636024,93.00000205636024,187.00000405311584],"cov":[[0.0014285714252452765,-3.3261520521981375e-12,-3.3261520521981375e-12],[-3.3261520521981375e-12,0.0014285714252452765,-3.3261520521981375e-12],[-3.3261520521981375e-12,-3.3261520521981375e-12,0.0014285714152668205]]},"roughness":0.005818772803829214,"rot":[[0.9997608065605164,-0.0000023926995709189214,0.021871348842978477,0],[-0.0000023926995709189214,1,0.00021877144172322005,0],[-0.021871348842978477,-0.00021877144172322005,0.9997607469558716,0],[0,0,0,1]],"poly":{"xy":[[-107.45058098392201,-31.462583680083753],[-107.45058098392201,-74.40044989102125],[-107.39394035892201,-143.08440985195875],[-107.33754387454701,-323.413572449615],[-107.28114739017201,-417.86889471524],[0.22202643795299082,-401.77081121914625],[44.72104987545299,-136.89202703945875],[44.65952643795299,-56.77367987149],[44.65952643795299,-30.061765808990003],[44.65952643795299,-12.253843445708753],[44.65952643795299,14.457948546478747],[44.65952643795299,32.26593194491625],[44.65952643795299,58.97772393710375],[44.65952643795299,130.20941339022875],[44.53647956295299,450.69476495272875],[-0.07802239017200918,435.19476495272875],[-107.62025871829701,329.13946710116625],[-107.50697746829701,140.26703057772875],[-107.50697746829701,71.56781182772875],[-107.50722160892201,28.630678038666247]],"rhoDist":[111.98653738096708,130.71551622398056,178.9196719075607,340.76906937672373,431.4275169036919,401.77088649114546,144.01486269541883,72.24036737680974,53.843636426195076,46.32050424769536,46.951807496307275,55.104766876334736,73.98529890665813,137.6588689725218,452.89122283293347,435.19479037889494,346.2944357315026,176.74229180518236,129.17040989925576,111.27820835498258]},"features":[7.816574985440066,46.32050424769536,0.005818772803829214],"projected":{"root":[3.273028461843297,1.0363195172738338],"xy":[[-0.10764351631282008,-0.03146451354455845],[-0.10764341357540662,-0.07440237872784962],[-0.10758662215913607,-0.14308633718047487],[-0.1075298076916635,-0.3234154955971927],[-0.10747319869449071,-0.4178708157371267],[0.0000042211494712662975,-0.40177298984911014],[0.044491966352521325,-0.1368943184816491],[0.044430265932698415,-0.05677597308397249],[0.044430202019113456,-0.030064059660777683],[0.0444301594101055,-0.012256137723699403],[0.044430095496812615,0.014455653629185827],[0.04443005288765862,0.0322636366014189],[0.04442998897436574,0.058975427954304126],[0.04442981853833389,0.13020711570261725],[0.04430603427179683,0.45069245988924816],[-0.0002977585121643084,0.43519256700931397],[-0.10781401627153235,0.32913752901226967],[-0.10770031020415716,0.1402650967381315],[-0.10770014582756686,0.07156587963233291],[-0.10770028717413077,0.02862874687148338]],"resolution":null},"type":"step"},{"normal":[-0.00031492591480086215,0.9997642093970687,-0.02171235662755984],"root":[1097.5565739558294,53.95427756676307,2530.636745042067],"cov":[[0.0011968179943573182,0.000022495947431664024,8.655531243272937e-7],[0.000022495947431664024,0.0011097198953403282,0.00002410740298023563],[8.655531243272937e-7,0.00002410740298023563,5.238610754261765e-7]],"n":130,"id":"h","colors":{"mean":[159.16923648118973,146.538468003273,116.16153948811385],"cov":[[17.392188179252653,16.970638023892004,18.8812687668082],[16.970638023892004,22.598529308454225,23.5854385251158],[18.8812687668082,23.5854385251158,31.05120992220739]]},"roughness":0.08470811652864563,"rot":[[0.9997642636299133,-0.0000034192948987765703,0.02171235717833042,0],[-0.0000034192948987765703,0.9999999403953552,0.00031492591369897127,0],[-0.02171235717833042,-0.00031492591369897127,0.9997642040252686,0],[0,0,0,1]],"poly":{"xy":[[-498.7361102764421,-34.374200908954435],[-432.1484637920671,-251.88793381911069],[-314.5552020733171,-388.8065129206732],[-226.8086200420671,-445.88225754957944],[-92.9670673076921,-491.8111515925482],[37.047581129807895,-499.01421555739194],[177.1528057391829,-467.93059739332944],[328.6169170673079,-377.7203312800482],[473.9167217548079,-166.27160081129819],[492.8263897235579,-86.05468186598569],[492.7736553485579,90.91510573167056],[473.8122295673079,160.84796705979556],[310.9208721454329,391.74774733323306],[259.5251201923079,427.56635084885806],[82.2675518329329,493.10638991135806],[-148.0163837139421,477.66058913010806],[-277.7156024639421,417.77203932542056],[-397.9128680889421,303.09393873948306],[-443.5342059795671,231.04633131760806],[-498.7625995342546,35.631780536358065]],"rhoDist":[500.03708477466887,500.2894532423874,500.16377320804435,500.2788657219047,500.5255412713583,500.3879700692995,500.3557439711152,500.71052232788367,502.34259933857203,500.39697973216505,501.2048919631089,500.47655888092413,500.1852989921462,500.19953089052933,499.92557621150956,500.0780401030607,501.69169375858934,500.2738225018716,500.1968359994511,500.1509219343087]},"features":[19.529605669325054,499.92557621150956,0.08470811652864563],"projected":{"root":[2.530636745042067,1.0975565739558295],"xy":[[-0.49883554375386246,-0.03437564313742257],[-0.432262850964764,-0.2518895929427895],[-0.3146968426350423,-0.38880856733992586],[-0.22697075091267316,-0.4458846091696095],[-0.0931605930764031,-0.49181395857848703],[0.036823430206230766,-0.49901746674453273],[0.17689551998468142,-0.46793432918315747],[0.3283236165550262,-0.37772458544433485],[0.4735884451145308,-0.16627636228528378],[0.49249338101378404,-0.08605951197606362],[0.49244005395852797,0.09091026702508816],[0.47348285904181975,0.1608431897196005],[0.310629112278259,0.3917435155151653],[0.25924535393713005,0.42756229299160414],[0.082029348354853,0.49310293489956325],[-0.1482002470111993,0.47765792229305865],[-0.27786868556002575,0.4177698189384354],[-0.3980372236422218,0.30309213502986976],[-0.4436475603606457,0.23104468717400958],[-0.4988622661381733,0.035630334926516974]],"resolution":null},"type":"reactive"},{"normal":[0.006818021695448713,0.9998867145894988,0.013419112026452929],"root":[28.268364939639966,62.129717140197755,1270.6162516276042],"cov":[[0.001138342118836466,0.00033806532321834426,-0.000012299171024234241],[0.00033806532321834426,0.0014031183136512804,-0.000021135932938274712],[-0.000012299171024234241,-0.000021135932938274712,0.000034990487446788895]],"n":300,"id":"h","colors":{"mean":[101.36333594880998,100.51666919961572,97.25333573780954],"cov":[[888.8023765441568,853.3245866563066,816.8750891445414],[853.3245866563066,851.2924730111965,798.8795618049048],[816.8750891445414,798.8795618049048,771.5975396053018]]},"roughness":9.58000863713859,"rot":[[0.9999099373817444,-0.000045748489355901256,-0.01341911219060421,0],[-0.000045748489355901256,0.9999767541885376,-0.006818021647632122,0],[0.01341911219060421,0.006818021647632122,0.999886691570282,0],[0,0,0,1]],"poly":{"xy":[[-327.5669962565105,-105.39845374579231],[-330.0413614908855,-238.95682624335092],[-335.06144205729174,-265.8953028058509],[-221.40201822916674,-314.880913767765],[-76.81412760416674,-322.1132135724525],[84.55867513020826,-324.83229926581186],[114.22688802083326,-318.84560492987436],[239.36470540364576,-249.91205695624154],[284.95552571614576,-184.01792243475717],[277.23274739583326,-87.08942130560676],[284.92220052083326,73.98401543145378],[219.56453450520826,132.85011955743033],[217.08943684895826,291.12341972832877],[182.68086751302076,286.180609669735],[30.086385091145758,286.34213921075064],[-3.9321695963542425,252.7784795427819],[-125.76200358072924,281.98523613457877],[-319.52982584635424,241.14963432793814],[-324.8978068033855,232.1240605974694],[-327.691385904948,106.02310844903191]],"rhoDist":[344.90300139440484,407.93734364236303,427.91046121193006,385.30374572915287,331.81901410235105,336.7069275400549,339.9331510966958,347.4130064689184,340.50726795714445,292.1202289780071,295.8602198205667,256.68387484333414,364.4803050351097,340.54962385198394,289.6240258067653,254.43345829035815,309.67785235609233,400.90146871770446,399.82365459793095,345.19742913234927]},"features":[17.09342070466419,254.43345829035815,9.58000863713859],"projected":{"root":[1.2706162516276043,0.028268364939639967],"xy":[[-0.32739848873047356,-0.10531283794900176],[-0.32986652107573866,-0.23886799281373483],[-0.33488491723252334,-0.2658056135564666],[-0.22123348643849913,-0.31479528564252984],[-0.0766582838404836,-0.32203403201708597],[0.08470011305746106,-0.3247604370699625],[0.1143653806989126,-0.31877523916484124],[0.23948877689374493,-0.249849018350586],[0.2850724775885473,-0.18395850118528953],[0.2773459603053394,-0.08703189975934528],[0.2850273521948631,0.07403744120161165],[0.2196728780385764,0.13290516705681846],[0.21719076247908908,0.2911749015509095],[0.18278551746445068,0.2862337805232065],[0.030204767471227623,0.2864022872767453],[-0.003809188651786009,0.2528409640608737],[-0.12562938907430493,0.282052615300961],[-0.3193778960499309,0.24122682726336916],[-0.3247449807601601,0.23220170890059758],[-0.32753253939587296,0.10610381564806154]],"resolution":null},"type":"preview"},{"normal":[-0.0002880736644979777,0.9997645022551856,-0.02169924063198406],"root":[-872.8487508211205,101.4032356481758,1211.851756363464],"cov":[[0.0011934122565542273,0.000009485227237487219,5.497423333573963e-7],[0.000009485227237487219,0.0012389091585257822,0.000026892453508342475],[5.497423333573963e-7,0.000026892453508342475,5.838540953827663e-7]],"n":556,"id":"h","colors":{"mean":[93.00000205636024,93.00000205636024,187.00000405311584],"cov":[[0.00017953321030045755,-3.3440666952081815e-12,-3.3440666952081815e-12],[-3.3440666952081815e-12,0.00017953321030045755,-3.3440666952081815e-12],[-3.3440666952081815e-12,-3.3440666952081815e-12,0.00017953320026825747]]},"roughness":0.005818772026134738,"rot":[[0.9997645616531372,-0.0000031258580293069826,0.021699240431189537,0],[-0.0000031258580293069826,0.9999999403953552,0.0002880736719816923,0],[-0.021699240431189537,-0.0002880736719816923,0.9997645020484924,0],[0,0,0,1]],"poly":{"xy":[[-84.02143409783889,-22.97674966716079],[-84.01191261346389,-57.77936197184829],[-84.01191261346389,-114.32001138591079],[-83.99274757440139,-240.47021890544204],[-0.11469581658889183,-285.13953042887954],[97.11320945684861,-336.92212320231704],[103.47478172247361,-316.61133218669204],[97.07658836309861,-128.94189859294204],[97.06425926153611,-67.49451089762954],[97.06425926153611,-29.68701578044204],[97.05217430059861,27.03277181721421],[97.05217430059861,69.56579183674546],[103.40092918341111,133.6726643953392],[97.02776023809861,234.98485921955796],[5.648609847473608,251.5754964265892],[-40.14753273065139,264.62792562580796],[-84.04987648065139,242.3447835359642],[-84.03095558221389,111.85692953205796],[-84.03095558221389,59.66649984455796],[-84.02131202752639,24.86492513752671]],"rhoDist":[87.1256162161887,101.97968986993497,141.88198416189394,254.72395484097322,285.1395664283935,350.64440138134233,333.0981387159335,161.412994807427,118.24274124412523,101.52427507297456,100.7688992575081,119.42790934036931,169.01288935937552,254.23803990843857,251.63897664298287,267.6572288492171,256.51209757904826,139.9156988082318,103.07544928288776,87.64223246801592]},"features":[10.859060370524364,87.1256162161887,0.005818772026134738],"projected":{"root":[1.2118517563634639,-0.8728487508211205],"xy":[[-0.08421857131058728,-0.022979366811246543],[-0.08420894328008295,-0.057781977701454414],[-0.08420876654204452,-0.11432262476918714],[-0.08418921168788122,-0.24047282711363108],[-0.00033076991139445466,-0.2851423989742517],[0.09687440430942114,-0.3369252935194303],[0.10323441521446973,-0.31661452323203587],[0.09683714172169808,-0.12894507742636807],[0.09682462344729427,-0.06749769224246663],[0.09682450526643513,-0.029690198694218524],[0.09681224585297823,0.02702958658744993],[0.09681211290079952,0.06956260484194146],[0.10315917254063885,0.13366945489491558],[0.09678718751023632,0.2349816654364911],[0.005429501051414652,0.25157258759328605],[-0.040355899338904676,0.26462515940309006],[-0.08424783635388669,0.2423421554704446],[-0.08422851202399723,0.11185430682239292],[-0.08422834888412772,0.05966387930069682],[-0.08421859881529647,0.024862306007720564]],"resolution":null},"type":"step"},{"normal":[-0.004796406334774983,0.9998939426525796,0.013751288410609316],"root":[-994.7478067498458,90.79889658877724,2204.7130416067025],"cov":[[0.0010071467506732002,0.0003773978034376115,-3.5905906647620705e-7],[0.0003773978034376115,0.0013214746925954183,-0.00001636356188603041],[-3.5905906647620705e-7,-0.00001636356188603041,0.000014361919670483636]],"n":76,"id":"h","colors":{"mean":[107.52631847991755,106.94737084602055,102.9078968026136],"cov":[[444.81883064196956,428.5208721377013,377.2036985092639],[428.5208721377013,428.8037792696581,375.4367772022159],[377.2036985092639,375.4367772022159,367.1747375204557]]},"roughness":12.98410634791505,"rot":[[0.9999054670333862,0.000032980133255477995,-0.013751288875937462,0],[0.000032980133255477995,0.9999884963035583,0.004796406254172325,0],[0.013751288875937462,-0.004796406254172325,0.9998939633369446,0],[0,0,0,1]],"poly":{"xy":[[-250.19204551295252,-77.18310145327916],[-248.67031699732752,-176.72716883609166],[-251.60989219264002,-301.41479090640416],[-175.57131797389002,-354.11950282046666],[-22.706938091077518,-350.27184657046666],[6.282563862047482,-335.46813563296666],[227.96884315892248,-314.00475672671666],[294.6575638620475,-258.41466883609166],[300.9082962839225,-217.85619715640416],[298.5325638620475,-41.494746961091664],[300.6822220651725,96.36822911312709],[300.9085404245475,205.8670084100021],[265.0579544870475,249.3325845818771],[111.51620644017248,248.02185460140834],[65.26425331517248,203.2240640740646],[-39.58584434107752,249.1743814568771],[-72.07363730982752,217.24426671078334],[-198.47634727076502,242.7603189568771],[-243.06741172389002,173.9990884881271],[-242.35207969264002,74.89288731625209]],"rhoDist":[263.04267097529385,306.20590247548523,392.9991349003665,395.59859051743837,351.3624353873695,335.55695436682373,388.24699703124617,392.02164759203896,371.6929424335022,301.60037173056173,315.97658438490663,364.79338734417513,364.2940366204006,272.5525854241804,214.61656432872377,253.13146229055135,230.04110993105155,314.44133121496816,299.79341858297664,254.7257371051159]},"features":[12.012075590421267,214.61656432872377,12.98410634791505],"projected":{"root":[2.2047130416067025,-0.9947478067498459],"xy":[[-0.25003342148394014,-0.07723842901785963],[-0.24851511983031696,-0.17678130112193727],[-0.2514585292913675,-0.3014675858123676],[-0.17542888303085766,-0.3541691836825543],[-0.02257883018743485,-0.350316530206081],[0.006408418921231844,-0.33551203348348874],[0.22807444476304267,-0.3140415902355371],[0.2947586931506216,-0.2584499424152549],[0.3010101721646273,-0.21789173114456456],[0.29864048080167216,-0.041532388051685444],[0.3007944824852493,0.09632907303015338],[0.3010243907295521,0.2058266001864075],[0.26517862810811077,0.24929049400074568],[0.11165135481664572,0.24797471527091836],[0.06540229756086283,0.20317591467346025],[-0.03943637065374576,0.2491222455028201],[-0.07192214483176047,0.21719142660883978],[-0.1983120613905399,0.242703016556324],[-0.24290117733550298,0.17394110645402897],[-0.24218918147737178,0.07483606892889041]],"resolution":null},"type":"preview"},{"normal":[-0.0003021873803917925,0.9997653403398928,-0.02166040022357393],"root":[1137.8690684925425,90.60224099592729,4218.635342684659],"cov":[[0.0011738266771550434,-0.00002969001394943757,-2.8844966368486395e-7],[-0.00002969001394943757,0.0012447012278161867,0.000026958080779806226],[-2.8844966368486395e-7,0.000026958080779806226,5.840452506501791e-7]],"n":44,"id":"h","colors":{"mean":[161.13636923107234,148.1136427345601,119.09090976484798],"cov":[[14.250705372141674,13.14040247393358,14.72121135655325],[13.14040247393358,25.256259615727593,24.101008222032235],[14.72121135655325,24.101008222032235,28.127474741573547]]},"roughness":0.1630304419306822,"rot":[[0.9997653961181641,-0.0000032731338706071256,0.021660400554537773,0],[-0.0000032731338706071256,0.9999999403953552,0.0003021873708348721,0],[-0.021660400554537773,-0.0003021873708348721,0.9997653365135193,0],[0,0,0,1]],"poly":{"xy":[[-478.658047762784,-145.89122425426126],[-425.293301669034,-265.171436656605],[-314.980069247159,-388.8324473987925],[-169.847256747159,-472.40391956676126],[-47.48055752840901,-499.6312755237925],[48.28604403409099,-498.89189564098],[285.896395596591,-412.683155406605],[321.655672940341,-384.82848011363626],[469.204989346591,-174.6342052112925],[507.143954190341,-0.6813243519175103],[507.143954190341,11.28791392933249],[431.301180752841,255.98749889027],[394.124911221591,317.2632557262075],[285.569735440341,415.85078014027],[113.67520419034099,445.6331287730825],[-109.76083096590901,443.75019420277],[-286.927090731534,409.8460193980825],[-398.401944247159,304.46796764027],[-425.532071200284,266.30781139027],[-478.735684481534,151.6384998668325]],"rhoDist":[500.5060057025962,501.27515665177737,500.45119405203036,502.024048883506,501.8836204892964,501.22398248931523,502.0769909245902,501.59985091953405,500.75185124441384,507.26369324655127,507.3888499490172,501.6363902835941,506.02869139344153,504.5014633915156,459.91046106917753,457.12884552131675,500.33826108899655,501.4959184514119,502.07668126162946,502.2839188812276]},"features":[12.034429928656577,457.12884552131675,0.1630304419306822],"projected":{"root":[4.218635342684659,1.1378690684925425],"xy":[[-0.4787618743661454,-0.145892672754241],[-0.42540925796863044,-0.26517305437973354],[-0.3151215018160027,-0.38883442054504275],[-0.17002246596450143,-0.4724063639359262],[-0.0476843865672699,-0.49963411917223227],[0.04805974439005117,-0.49889505278008683],[0.28561406706570136,-0.41268709421282634],[0.3213648636104144,-0.38483253723671323],[0.4688788748879205,-0.17463875488133354],[0.5068083693484586,-0.0006860061446462171],[0.5068083301715398,0.011283231590040915],[0.4309825495757031,0.25598305362057333],[0.3938148015538564,0.31725892934132266],[0.2852847716460364,0.415846804569107],[0.11343047177731505,0.445629714475746],[-0.10995313599474774,0.44374751132746293],[-0.2870777191032856,0.40984391795985414],[-0.39852607414159097,0.3044662358861362],[-0.4256497110839169,0.2663061701792168],[-0.4788404667248422,0.15163703803458142]],"resolution":null},"type":"reactive"},{"normal":[0.02804973079657922,0.999387796527167,-0.02091039824616815],"root":[46.37244279258976,102.03272112678079,3314.9524117264095],"cov":[[0.0009796032158429044,0.0005320852892813269,-0.000016361507763930482],[0.0005320852892813269,0.001327408729997605,0.000012839656536850864],[-0.000016361507763930482,0.000012839656536850864,0.000020206495715620214]],"n":51,"id":"h","colors":{"mean":[102.90196351706982,101.82353213429451,98.15686486661434],"cov":[[536.05022323486,499.67536804124114,474.9381690151013],[499.67536804124114,481.5290957886322,454.62330928454827],[474.9381690151013,454.62330928454827,438.7854750997216]]},"roughness":9.678630633187323,"rot":[[0.9997813105583191,0.0002933553187176585,0.02091039903461933,0],[0.0002933553187176585,0.9996064901351929,-0.028049731627106667,0],[-0.02091039903461933,0.028049731627106667,0.999387800693512,0],[0,0,0,1]],"poly":{"xy":[[-345.92335899203454,-71.02136285179387],[-342.10036094515954,-245.38069779747258],[-346.58498008578454,-285.61463029258977],[-118.11867149203454,-334.59082658165227],[-101.29396446078454,-317.13913590782414],[35.79978553921546,-335.6416688668085],[166.06663124234046,-250.67688615196477],[176.70530311734046,-241.99997575157414],[202.72678749234046,-112.11910874717961],[170.73411171109046,-36.953527997667884],[204.45627967984046,10.228326250378991],[204.31760780484046,113.77475874549617],[177.21189491421546,243.7519163382696],[15.245830461090463,34.905709673230554],[11.698467179840463,261.65331404334773],[-49.31764610140954,284.235894609754],[-193.82643516390954,273.11547224647273],[-316.82643516390954,238.33803694373836],[-330.01369102328454,229.21291487342586],[-336.31447227328454,103.67328779823055]],"rhoDist":[353.18052095826687,421.69592547661375,449.1365527558068,354.86286545755064,333.2483018658252,337.60700657859337,301.494423883524,300.19678581788645,231.66566013452285,175.86447524016842,204.71426624850912,233.86149946765147,301.36215585931546,38.26569101789599,263.5530161149797,290.28945330828293,336.7795320012283,398.01734311145685,403.59532740114753,353.6885002521113]},"features":[10.794165251157407,38.26569101789599,9.678630633187323],"projected":{"root":[3.3149524117264098,0.04637244279258976],"xy":[[-0.3460776477252765,-0.07081439608906492],[-0.3423066349652838,-0.24510399667171215],[-0.34680207620564213,-0.28532341213178286],[-0.11840009818084596,-0.334213313787912],[-0.10157395098705527,-0.31676355498410824],[0.03548439025774585,-0.3352185897539391],[0.16574767286395065,-0.2502490274118383],[0.17638656359285215,-0.24157241058754075],[0.20244045859012977,-0.1117350200018702],[0.1704768294881444,-0.0366084031938538],[0.20420546382678845,0.010564776904010746],[0.20409719817441646,0.1140704217321875],[0.17703554250399361,0.2439884798687111],[0.01504363215389419,0.03517694353580985],[0.011563562258552448,0.26183427887628463],[-0.04943258273037151,0.2843900734763205],[-0.1939130314992936,0.27323163473495804],[-0.31689633485867896,0.23843180214122356],[-0.33008338370913737,0.2293064023839767],[-0.336419614762726,0.10381432856127083]],"resolution":null},"type":"preview"},{"normal":[-0.0002597746697650983,0.9997639917264809,-0.021723106689743775],"root":[13.775913268258726,56.42968940734863,2659.4461534288193],"cov":[[0.001158313911292916,0.00005506076918284244,0.000001497344962968252],[0.00005506076918284244,0.0009889538001525663,0.000021502527079365527],[0.000001497344962968252,0.000021502527079365527,4.6763595204905576e-7]],"n":108,"id":"h","colors":{"mean":[160.94445005059242,147.5833397358656,117.59259353495307],"cov":[[30.951984077909056,33.0137575323215,36.11518687685447],[33.0137575323215,39.47109621219303,42.93271966808937],[36.11518687685447,42.93271966808937,53.689672515282425]]},"roughness":0.07371143170770982,"rot":[[0.9997640252113342,-0.00000282188943856454,0.021723106503486633,0],[-0.00000282188943856454,0.9999999403953552,0.0002597746788524091,0],[-0.021723106503486633,-0.0002597746788524091,0.9997639656066895,0],[0,0,0,1]],"poly":{"xy":[[-179.33409288194434,-57.440464049508726],[-179.33409288194434,-123.12443163984076],[-179.29673936631934,-239.89947894208686],[-164.91685655381934,-475.33417132489933],[-61.25547960069434,-496.46429827802433],[114.50599500868066,-488.2242470084931],[200.14271375868066,-458.4731483756806],[308.17030164930566,-396.02130511396183],[308.11903211805566,-213.1458778678681],[326.63172743055566,-47.055561095407164],[326.63172743055566,78.20423504717095],[307.96546766493066,219.07644268877252],[326.52845594618066,378.8135947883819],[289.47230360243066,408.2819785774444],[0.4586317274306566,500.3753318489288],[-136.14488389756934,481.3395957649444],[-165.14244249131934,477.2984580696319],[-179.40855577256934,241.77845379717095],[-179.37120225694434,125.01281353838189],[-179.37120225694434,52.031780213186586]],"rhoDist":[188.34928393697888,217.56779484949035,299.5242463257141,503.1440553712616,500.2311646160018,501.47787330001097,500.2725026740741,501.84169215880473,374.71645953621584,330.0799380920638,335.9385317931664,377.99851758504764,500.17232037413976,500.5293009753115,500.37556703094924,500.23116703078944,505.07206746128094,301.0962233676636,218.67144439759554,186.80573948560385]},"features":[18.71674954005178,186.80573948560385,0.07371143170770982],"projected":{"root":[2.6594461534288194,0.013775913268258727],"xy":[[-0.17950884358026392,-0.05744255379687292]