[{"r":316.2056745521213,"xc":-1061.0509049365635,"yc":294.8512554168701,"zc":3321.5508226378865,"root":[-961.5058772170637,340.9128049924052,3026.408494976563],"h":463.29846572875977,"error":19015.748653260212,"id":"cyl","type":"avoid"},{"normal":[-0.00013396875631770553,0.9604851313290964,-0.2783312676436133],"root":[26.681388418698177,165.3330478668213,3099.3712740811434],"cov":[[0.0012552188456498,0.00003585850789298288,0.00001056622714323246],[0.00003585850789298288,0.0004380317220024771,0.00012693869420347652],[0.00001056622714323246,0.00012693869420347652,0.00003678611241081328]],"n":88,"id":"h","colors":{"mean":[196.00000351667404,196.00000351667404,98.00000175833702],"cov":[[0.001123595495153679,-5.232149295592576e-12,-2.616074647796288e-12],[-5.232149295592576e-12,0.001123595495153679,-2.616074647796288e-12],[-2.616074647796288e-12,-2.616074647796288e-12,0.001123595503001903]]},"roughness":0.010417956355815945,"rot":[[0.9604851603507996,-0.000019019626051886007,0.27833127975463867,0],[-0.000019019626051886007,1,0.0001339687587460503,0],[-0.27833127975463867,-0.0001339687587460503,0.9604851603507996,0],[0,0,0,1]],"poly":{"xy":[[-275.4269381436434,-82.33838609936224],[-275.4269381436434,-193.89141039135444],[-275.4271822842684,-377.15706590893257],[-264.2482272061434,-417.8781962800263],[-126.46844204989338,-420.50154833080757],[95.11188021573162,-437.5638347077607],[95.11212435635662,-292.00615648510444],[95.11212435635662,-129.3240657258271],[95.05548373135662,-60.82571367504583],[95.05548373135662,-26.577480259859428],[95.05548373135662,24.794868905520573],[95.05548373135662,67.60515638110651],[95.05548373135662,127.53955884692682],[95.05548373135662,290.21866651294243],[95.05572787198162,375.8392414641143],[-114.65838345614338,360.0467609953643],[-184.80828579989338,354.7634358000518],[-184.80852994051838,249.28940625903618],[-275.4266940030184,156.7037891936065],[-275.4269381436434,84.99113507983698]],"rhoDist":[298.3532279654917,346.16682638718885,473.8030993406861,500.3282248927929,440.6418368530281,448.62507451539864,308.3360800864211,162.87891377871304,116.17020122608108,102.48112815770342,102.03534304400003,119.86334433914016,161.4421795247165,306.6356146150176,388.6571578261292,379.3172767199066,403.57895179371076,314.9060053403063,326.78052507849503,299.0897892438205]},"features":[6.769881036875967,102.03534304400003,0.010417956355815945],"projected":{"root":[3.099371274081143,0.026681388418698177],"xy":[[-0.2673252280070514,-0.08233448651581837],[-0.2673231063102619,-0.19388750978657757],[-0.267319855159497,-0.37715316362177254],[-0.25658186042015657,-0.4178745062396205],[-0.12424637422335569,-0.42050047878635544],[0.08857855725468894,-0.4375669793819438],[0.0885760232955455,-0.29200930249646595],[0.08857292914303946,-0.1293272132264923],[0.0885172238513488,-0.06082886072550848],[0.08851657246276168,-0.02658062762385393],[0.08851559537989923,0.024791721071228297],[0.08851478114424696,0.06760200815489945],[0.08851364121433383,0.12753641007203909],[0.08851054711856508,0.2902155162487784],[0.08850915314070312,0.37583609041147725],[-0.11291783417265236,0.3600475987712449],[-0.18029567249334408,0.35476560784919864],[-0.18029390091020306,0.2492915792784082],[-0.26732954000635606,0.15670768658415063],[-0.2673284105519454,0.08499503313153146]],"resolution":null},"type":"ramp"},{"normal":[-0.00036154791523695847,0.9702299684710981,0.24218521334647336],"root":[-1.6741325670054985,171.50404445103237,2421.8599051339284],"cov":[[0.001204277085719387,0.000023897885563073743,-0.0000055165381588319526],[0.000023897885563073743,0.00021436156800219,-0.00005349923578529131],[-0.0000055165381588319526,-0.00005349923578529131,0.000013352232017023268]],"n":35,"id":"h","colors":{"mean":[167.00000524520874,167.00000524520874,84.00000259280205],"cov":[[0.002777777758375224,-1.616879469818539e-11,-9.701276818911234e-12],[-1.616879469818539e-11,0.002777777758375224,-9.701276818911234e-12],[-9.701276818911234e-12,-9.701276818911234e-12,0.0027777777737355795]]},"roughness":0.0030910293425981585,"rot":[[0.9702300429344177,0.000044442302169045433,-0.24218522012233734,0],[0.000044442302169045433,0.9999999403953552,0.0003615479217842221,0],[0.24218522012233734,-0.0003615479217842221,0.970229983329773,0],[0,0,0,1]],"poly":{"xy":[[-71.92655552455335,-18.557919282359737],[-71.92655552455335,-45.67381359998669],[-71.86112583705335,-93.12938763563122],[-71.76273716517835,-215.16398693983044],[-43.11698521205335,-429.95639111463515],[46.02412806919665,-423.09884716932265],[174.59199916294665,-413.2179267591664],[141.11885463169665,-188.6621253675648],[141.04121791294665,-100.75951458875622],[141.00264369419665,-42.16109921400036],[140.88618861607165,45.73201296861683],[140.84737025669665,97.00027392442738],[140.73140345982165,192.20504687364613],[140.53779994419665,404.563170652943],[108.03438197544665,399.98074267442735],[-43.85404575892835,385.42105029161485],[-72.15555943080335,218.68395922716175],[-72.02494419642835,96.6804573350719],[-71.99198521205335,49.23042605455433],[-71.95927036830335,22.11562274034534]],"rhoDist":[76.41834588897345,87.07080368884613,118.98514773930833,227.51566464157005,432.24294614130963,425.7538613864999,450.7145722891094,238.22939474498997,176.88094397717092,151.32464920562472,152.2344066308458,174.58570132348203,240.7827254660254,429.69957270704293,415.18008980901413,388.06646264378514,230.99018109821486,121.89763352614597,89.05034560488697,77.39496151540081]},"features":[6.627414156614934,76.41834588897345,0.0030910293425981585],"projected":{"root":[2.4218599051339282,-0.0016741325670054986],"xy":[[-0.0673642770940855,-0.018564730112106412],[-0.06736548218690094,-0.045680622630701995],[-0.06730410937396218,-0.09313619061001253],[-0.06721407322817033,-0.21517077744508387],[-0.03943065018262667,-0.4299618942860564],[0.04705704002492813,-0.4231003891592693],[0.17179788920344607,-0.4132137555522754],[0.1393312187966184,-0.18865945668271633],[0.1392597999148232,-0.10075685518624981],[0.13922497829780578,-0.04215844541359209],[0.13911589625570314,0.04573465576213591],[0.13908051199716837,0.09700291159132464],[0.13897222864724965,0.192207673070255],[0.138793826385814,0.4045657741562516],[0.10725783038466197,0.399981901954983],[-0.04010953121064969,0.3854154602664857],[-0.06757591998636017,0.21867712247990206],[-0.06745461527967128,0.09667363448709958],[-0.06742474627182322,0.04922360781947543],[-0.06739421039216137,0.022108807758148448]],"resolution":null},"type":"ramp"},{"normal":[-0.0001385072462466065,0.9604474631687577,-0.278461220475025],"root":[-5.0274205522119315,126.74490882610452,2026.3807646652747],"cov":[[0.0011930797588554816,-0.00002489359701776691,-0.000007045311144145552],[-0.00002489359701776691,0.0004051946241813267,0.00011747393372629952],[-0.000007045311144145552,0.00011747393372629952,0.00003405807507862976]],"n":174,"id":"h","colors":{"mean":[196.00000351667404,196.00000351667404,98.00000175833702],"cov":[[0.0005714285607848849,-5.32184328351702e-12,-2.66092164175851e-12],[-5.32184328351702e-12,0.0005714285607848849,-2.66092164175851e-12],[-2.66092164175851e-12,-2.66092164175851e-12,0.0005714285687676499]]},"roughness":0.010336642010105708,"rot":[[0.9604474902153015,-0.00001967351636267267,0.278461217880249,0],[-0.00001967351636267267,1,0.0001385072391713038,0],[-0.278461217880249,-0.0001385072391713038,0.9604474902153015,0],[0,0,0,1]],"poly":{"xy":[[-163.81911915746218,-48.33216425613768],[-163.79690236058718,-113.69875284866697],[-163.79690236058718,-220.66114756302244],[-163.79702443089968,-422.7012476606787],[-135.00137013402468,-426.02650400833494],[8.136081037850317,-442.55726572708494],[205.40195017847532,-413.0628199263037],[205.37240916285032,-282.3726648970068],[205.37240916285032,-145.15414377884275],[205.37240916285032,-60.20934244827635],[205.37265330347532,63.94074681563966],[205.37265330347532,148.8855443315088],[205.37265330347532,279.5698399858057],[205.37265330347532,416.7883763627588],[8.110812483162817,446.61558583541506],[-135.02383107152468,430.3267979936182],[-163.81887501683718,427.0502171830713],[-163.81899708714968,225.0127110795557],[-163.81911915746218,118.05167439742678],[-163.81911915746218,52.6865926103174]],"rhoDist":[177.28158487876007,204.97632370815407,278.89189071626606,455.81628296303694,448.62246364154987,442.6378440459962,465.1306271961307,354.19192816572365,258.43696783390277,222.1408457262277,223.18608453505442,260.5608693183069,351.9752650913036,468.446567322741,446.6957233892968,452.70286950206975,459.84573643130585,282.3468107615376,207.42877097251775,178.51404395253866]},"features":[8.538246619476508,177.28158487876007,0.010336642010105708],"projected":{"root":[2.0263807646652747,-0.005027420552211932],"xy":[[-0.16012332035748866,-0.048330325957384304],[-0.16010069630036972,-0.11369691434734143],[-0.16009859197386034,-0.22065930801500008],[-0.16009473437660451,-0.4226994061331606],[-0.13243795555561425,-0.4260252289600764],[0.005038372925772937,-0.4425588065341659],[0.1945012981825556,-0.4130682419354714],[0.19447035445374067,-0.28237808760388716],[0.19446765488280895,-0.1451595678284959],[0.1944659837198012,-0.06021476732916978],[0.19446377573513424,0.06393532071505355],[0.19446210457220153,0.14888011739968243],[0.19445953355246667,0.2795644117751483],[0.19445683398123473,0.4167829468093285],[0.004996610648912661,0.44661403682431916],[-0.13247637558766984,0.4303280651037868],[-0.1601324383166876,0.42705205082509495],[-0.16012858077046474,0.22501454670104962],[-0.16012659371279583,0.11805351106800578],[-0.16012530775173675,0.05268842992053636]],"resolution":null},"type":"ramp"},{"normal":[-0.00013937728393065326,0.9604508498419423,-0.27844953871727596],"root":[-1004.3242607337202,135.73816945511481,2058.138753725614],"cov":[[0.0011981268855405945,-3.2364021366732864e-7,8.003970522548166e-8],[-3.2364021366732864e-7,0.000413950402995826,0.00012001056969952486],[8.003970522548166e-8,0.00012001056969952486,0.00003479296481383445]],"n":173,"id":"h","colors":{"mean":[196.00000351667404,196.00000351667404,98.00000175833702],"cov":[[0.0005747126329733038,-5.352428589744129e-12,-2.6762142948720647e-12],[-5.352428589744129e-12,0.0005747126329733038,-2.6762142948720647e-12],[-2.6762142948720647e-12,-2.6762142948720647e-12,0.0005747126410019466]]},"roughness":0.010336642969937648,"rot":[[0.9604508876800537,-0.00001979623266379349,0.27844953536987305,0],[-0.00001979623266379349,1,0.00013937728363089263,0],[-0.27844953536987305,-0.00013937728363089263,0.9604508280754089,0],[0,0,0,1]],"poly":{"xy":[[-195.51033575686415,-59.263751961592334],[-195.48775274905165,-136.53096387565483],[-195.51045782717665,-267.25154493034233],[-159.43294317873915,-471.64766309440483],[-152.12349493655165,-474.53596875846733],[139.44230096188585,-479.38814161002983],[173.70328729001085,-459.29634473502983],[173.70353143063585,-237.12361524284233],[173.70353143063585,-126.03731153190483],[173.70353143063585,-54.157917000654834],[173.67374627438585,50.407390616532666],[173.67374627438585,122.28580858528267],[173.67374627438585,233.37058641731392],[173.67399041501085,370.59293749153267],[122.49845330563585,378.5539360266889],[-115.23921759280165,366.96732713997017],[-195.51009161623915,380.48185350715767],[-195.51009161623915,267.5741996985639],[-195.51021368655165,136.83903124153267],[-195.51021368655165,59.586406729813916]],"rhoDist":[212.01314251656936,245.0965764407689,335.9526712827648,500.0136239288482,500.27844571593175,500.88451742226493,493.61385252342865,298.2153593797986,220.4354722383236,188.78694864944126,187.72618191256223,218.30041485965054,295.2366648971011,412.3639785971864,399.4687624985787,386.0785495153828,431.5050205237637,336.1962638662946,245.2734526240968,212.0988951823406]},"features":[8.036211880784231,187.72618191256223,0.010336642969937648],"projected":{"root":[2.058138753725614,-1.0043242607337202],"xy":[[-0.19056139225604002,-0.05926127477916764],[-0.19053817278709528,-0.136528486374651],[-0.19055739212391337,-0.2672490656845586],[-0.1559026658891113,-0.47164589602212875],[-0.14888224286302779,-0.4745343463571065],[0.1311524725363232,-0.4793922910648126],[0.16405806856920663,-0.4593011726273453],[0.1640539048713181,-0.2371284453414914],[0.16405170578104553,-0.12604214273130349],[0.16405028283985446,-0.05416274891230348],[0.16401960566180718,0.05040255825838453],[0.16401818273994836,0.12228097551489422],[0.16401598367988246,0.23336575224619094],[0.1640135016794183,0.370588101955846],[0.11486175546672864,0.3785501134949373],[-0.1134733655716515,0.3669682110331871],[-0.19056986307712157,0.38048432632732804],[-0.19056762793097937,0.2675766736375317],[-0.19056515710975264,0.13684150647836635],[-0.19056362779885275,0.059588882732140705]],"resolution":null},"type":"ramp"},{"normal":[-0.0003710909890897456,0.9702372970668416,0.24215583757553136],"root":[-1009.5427745472301,155.4975604433002,2484.4681507457385],"cov":[[0.0011183766598945714,-0.000005599940346563862,0.0000018254067857879233],[-0.000005599940346563862,0.00023395164304652947,-0.000058392760547117044],[0.0000018254067857879233,-0.000058392760547117044,0.000014574611602881891]],"n":33,"id":"h","colors":{"mean":[167.00000524520874,167.00000524520874,84.00000259280205],"cov":[[0.002941176453468335,-1.7119900268666885e-11,-1.0271940161200131e-11],[-1.7119900268666885e-11,0.002941176453468335,-1.0271940161200131e-11],[-1.0271940161200131e-11,-1.0271940161200131e-11,0.0029411764654522655]]},"roughness":0.003091029461723394,"rot":[[0.9702373743057251,0.00004560965680866502,-0.24215583503246307,0],[0.00004560965680866502,0.9999999403953552,0.00037109098047949374,0],[0.24215583503246307,-0.00037109098047949374,0.9702373147010803,0],[0,0,0,1]],"poly":{"xy":[[-133.6175648082385,-41.523265491832376],[-133.5521351207385,-95.80952037464488],[-133.4869495738635,-177.22736705433238],[-133.3228870738635,-346.8801990855824],[-15.611949573863512,-407.2051502574574],[79.78941761363649,-456.0976063121449],[79.59581409801149,-243.46467174183238],[79.44054066051149,-104.15876353870738],[79.40172230113649,-52.847850452769876],[79.36290394176149,-23.521068226207376],[79.32408558238649,20.459522594105124],[79.28526722301149,57.111439098011374],[79.24669300426149,108.41643177379262],[112.34141956676149,275.8802989612926],[14.760120738636488,329.2811778675426],[-105.49061168323851,344.8429454456676],[-133.9781605113635,351.9239390980114],[-133.8143421519885,182.34703480113637],[-133.7486683238635,94.16527210582387],[-133.6832386363635,39.886158336292624]],"rhoDist":[143.8367722799736,167.70234014811194,224.35186232935516,373.0940344719734,407.52149336042464,463.4596955758958,256.92227829488405,132.49362939223738,97.42278550678566,85.11444256131053,84.27728089581352,99.69290321486363,135.73478530102625,299.184256815072,329.6310848782498,361.58656063934205,378.0579871091019,228.64105794834597,166.951306193392,143.44442786979062]},"features":[7.209803334635796,84.27728089581352,0.003091029461723394],"projected":{"root":[2.4844681507457387,-1.00954277454723],"xy":[[-0.12722108974549873,-0.04153306775091267],[-0.1271600833952964,-0.09581931585519518],[-0.1271005513820739,-0.17723715387114194],[-0.12694910962170294,-0.3468899665617773],[-0.012744310959556747,-0.40720954476167587],[0.07981543037674535,-0.456097646175326],[0.07963728712693423,-0.24346473529705154],[0.07949298873060444,-0.10415884391259556],[0.07945766598101173,-0.052847936183494794],[0.07942134054272929,-0.02352115777720177],[0.0793856834596451,0.020459428198622336],[0.07934969211823177,0.05711134037027338],[0.07931460597296836,0.10841632770076684],[0.1114319843029783,0.2758816926226429],[0.01675739745914508,0.3292781171468055],[-0.09991364677411686,0.34483439904247143],[-0.1275530081785975,0.3519140928925345],[-0.1274017998295457,0.18233720791983202],[-0.12734210256750497,0.09415545438329034],[-0.12728109589159894,0.039876347391789975]],"resolution":null},"type":"ramp"},{"normal":[-0.00034528396284804874,0.9997640275037942,-0.021720269067794607],"root":[993.1176156436695,146.68451197007124,3273.6225047392004],"cov":[[0.0011795850910619433,-0.000024194539560092412,-1.1824799773346059e-7],[-0.000024194539560092412,0.000953219645810897,0.000020700718001321987],[-1.1824799773346059e-7,0.000020700718001321987,4.4973766458842447e-7]],"n":68,"id":"h","colors":{"mean":[92.38235503435135,92.38235503435135,187.3676510900259],"cov":[[7.016793707607017,7.0153444322446985,1.006393741917513],[7.0153444322446985,7.016793707607017,1.006393741917513],[1.006393741917513,1.006393741917513,1.0131712348821262]]},"roughness":0.00505469059594802,"rot":[[0.999764084815979,-0.0000037502727536775637,0.021720269694924355,0],[-0.0000037502727536775637,0.9999999403953552,0.0003452839737292379,0],[-0.021720269694924355,-0.0003452839737292379,0.9997640252113342,0],[0,0,0,1]],"poly":{"xy":[[-65.7323680204504,-21.344727460075774],[-65.7326121610754,-47.371338788200774],[-65.6745066923254,-82.05658048741952],[-65.6747508329504,-194.84088224523202],[-65.5587840360754,-368.331849042107],[21.791313620174606,-355.251038495232],[66.7593311982996,-205.30267423741952],[44.064995260799606,-58.091980878044524],[89.6328663545496,-48.138245526482024],[44.064995260799606,-13.572205487419524],[66.6970753389246,18.457518633674226],[66.6970753389246,45.310607012580476],[44.003471823299606,57.639342364142976],[89.5064015107996,158.78826814539298],[43.818901510799606,493.8391714657055],[-0.7323680204503944,478.3684683407055],[-65.7902293485754,195.52191072351798],[-65.7323680204504,82.76190095789298],[-65.7323680204504,39.384215411017976],[-65.7323680204504,13.357543047736726]],"rhoDist":[69.1259165191673,81.03629715161493,105.11214602881996,205.61694930589414,374.12391310723996,355.91893811643445,215.8887426383769,72.91973829402603,101.7597521477736,46.11753247399264,69.21913865608016,80.64534393504228,72.5228308428125,182.28854205664877,495.7806554436225,478.3690449865154,206.29850446872004,105.69902853359049,76.64128449900097,67.09101786607489]},"features":[7.815507653577834,46.11753247399264,0.00505469059594802],"projected":{"root":[3.2736225047392002,0.9931176156436695],"xy":[[-0.06593398355041703,-0.021347932512874212],[-0.06593413002655438,-0.047374542288441034],[-0.06587590818651533,-0.08205978213772228],[-0.0658757292976487,-0.19484407717069643],[-0.06575913922038605,-0.36833503405937357],[0.02157030236626667,-0.35525455187903704],[0.06652714906264968,-0.2053063652031092],[0.04383761493101537,-0.05809559551012374],[0.08939469864789842,-0.048142031643924596],[0.04383744796971402,-0.013575822773658295],[0.06646406872847545,0.01845381456142841],[0.06646396802206934,0.04530690133941955],[0.04377567198365648,0.057635721063176465],[0.08926748760796423,0.15878447016577804],[0.04358950934532906,0.4938355248517665],[-0.0009511919483210193,0.47836498972850483],[-0.06599264453735738,0.1955186929586595],[-0.06593437397867072,0.08275868969851329],[-0.06593421130051781,0.039381006737709265],[-0.06593411369339716,0.013354335926074231]],"resolution":null},"type":"step"},{"normal":[-0.0003315967330383506,0.9997630512896062,-0.021765369735044768],"root":[1099.6829750754616,90.57872928272594,4218.6873113458805],"cov":[[0.0011742898348201633,-0.000036880292742992925,-4.134204940743401e-7],[-0.000036880292742992925,0.0012439355011539027,0.00002706890066568034],[-4.134204940743401e-7,0.00002706890066568034,5.892481391514225e-7]],"n":44,"id":"h","colors":{"mean":[161.63636920127,148.93182450397447,119.59090990776366],"cov":[[10.361816946839294,11.57575619580845,10.987879796277007],[11.57575619580845,21.664340852002304,19.68383842468417],[10.987879796277007,19.68383842468417,27.260811525115535]]},"roughness":0.19433345928972634,"rot":[[0.9997631311416626,-0.000003609090299505624,0.021765369921922684,0],[-0.000003609090299505624,0.9999999403953552,0.0003315967333037406,0],[-0.021765369921922684,-0.0003315967333037406,0.9997630715370178,0],[0,0,0,1]],"poly":{"xy":[[-478.6328679865055,-147.35954978249288],[-425.2659246271305,-267.0862343528054],[-398.1316472833805,-302.7449257590554],[-199.55278986150552,-459.1011879660866],[-15.966119939630516,-501.0952065207741],[147.49139959161948,-482.3972695090554],[215.79169256036948,-451.8571083762429],[357.6032159978695,-353.4397499778054],[468.9181574041195,-184.05699851296163],[506.9728449041195,-10.400504372336627],[506.9728449041195,1.568367697975873],[431.2487238103695,258.7388999245384],[394.0724542791195,308.5128257057884],[181.06171209161948,469.8647544167259],[147.07977849786948,471.2561118386009],[-109.81328790838052,471.2498862526634],[-199.99444025213052,464.6685874245384],[-398.4541570490055,302.3117759011009],[-425.5044500177555,264.4071128151634],[-478.7881414240055,150.15064308860087]],"rhoDist":[500.91213818015484,502.26772911055883,500.23965187168653,500.6147450619902,501.34972886774256,504.45060790099296,500.7613335384406,502.8510994445705,503.8499513492944,507.1998098629418,507.0956262564173,503.00133488783456,500.54782958340223,503.5601556284145,493.68614926737166,483.8805954795772,505.89743637535736,500.23110594054464,501.047866337144,501.8864574871906]},"features":[12.037266659548644,483.8805954795772,0.19433345928972634],"projected":{"root":[4.218687311345881,1.0996829750754615],"xy":[[-0.4787366047265976,-0.14736113021804395],[-0.4253818715568434,-0.26708800081133866],[-0.3982538934577086,-0.3027467881869639],[-0.19972151381733566,-0.459103758485826],[-0.01617818286547779,-0.5010984373123603],[0.14724054712243584,-0.48240109126169584],[0.21552454995811887,-0.45186117831005235],[0.3573021239383502,-0.35344433713366336],[0.46859008421575526,-0.18406199672796017],[0.5066351300570794,-0.010405649478592129],[0.5066350868603389,0.0015632219336154018],[0.43092797618407697,0.25873401331492396],[0.3937603338392288,0.308508070531884],[0.1807994702263699,0.4698607591459429],[0.14682558171794022,0.47125223913518255],[-0.11000662831023793,0.47124694069987005],[-0.20016639355232088,0.464665967705541],[-0.3985785105270868,0.3023098813682913],[-0.4256222586498015,0.2644053179934817],[-0.47889291512195575,0.15014904685493372]],"resolution":null},"type":"reactive"},{"normal":[-0.00024270730147316397,0.9997607991563489,-0.021869740817501215],"root":[66.03156092672637,169.11877117734966,4319.225334398674],"cov":[[0.0011718848832050661,0.000009095047171563376,4.834469829311118e-7],[0.000009095047171563376,0.0007609312716809609,0.00001664755923616403],[4.834469829311118e-7,0.00001664755923616403,3.643313815838818e-7]],"n":33,"id":"h","colors":{"mean":[93.21212325583805,92.7575778283856,186.60606468265706],"cov":[[4.28279806377421,1.9322635842699503,-3.5071297066991547],[1.9322635842699503,6.887075828185291,0.05436719493830905],[-3.5071297066991547,0.05436719493830905,11.058198325600312]]},"roughness":0.005896124492586686,"rot":[[0.9997608065605164,-0.0000026542902560322545,0.02186974138021469,0],[-0.0000026542902560322545,1,0.00024270730500575155,0],[-0.02186974138021469,-0.00024270730500575155,0.9997608065605164,0],[0,0,0,1]],"poly":{"xy":[[-67.83324455492402,-11.69250300436309],[-67.83324455492402,-44.231765775969535],[-67.83324455492402,-87.61745074301055],[-67.73656486742402,-206.931371717742],[-34.01683830492402,-502.5987606337576],[69.70825935132598,-500.0991268446951],[69.50318122632598,-210.64284327535918],[69.40064216382598,-88.18884470968536],[69.40064216382598,-43.661378889372855],[69.40064216382598,-21.397645979216605],[69.40064216382598,11.997957200715035],[69.40064216382598,45.39355656594941],[69.29761482007598,89.91727635354707],[69.29761482007598,212.36486241311738],[69.19507575757598,368.1968631455393],[-34.31176017992402,370.7184695908518],[-67.93041252367402,205.22954747171113],[-67.83324455492402,85.92528721780488],[-67.83324455492402,42.5395984360666],[-67.83324455492402,20.846757859894723]],"rhoDist":[68.84973976488872,80.99404325126153,110.81706670986755,217.74118863076166,503.749370075085,504.935822163174,221.81789057977676,112.23159621622406,82.00605994504537,72.6398420065733,70.44609804287803,82.9414922417214,113.53258240221088,223.39073361718732,374.64579651368297,372.3035435716542,216.1845521105812,109.48372250880706,80.08224728079549,70.97989469612936]},"features":[6.911350578317708,68.84973976488872,0.005896124492586686],"projected":{"root":[4.319225334398674,0.06603156092672637],"xy":[[-0.0680356871566359,-0.011694749683826496],[-0.06803560078798496,-0.044234011496925824],[-0.06803548562978033,-0.08761969518595732],[-0.067938512371507,-0.20693361290268167],[-0.0342260658156733,-0.5026010826111852],[0.06947421713037967,-0.5001017242122793],[0.06926841975318097,-0.210645448625103],[0.06916558018662486,-0.08819145339438085],[0.06916546199780235,-0.04366398888571125],[0.06916540290339107,-0.021400256631376458],[0.06916531426176406,0.011995345564822893],[0.06916522562014715,0.04539094394632509],[0.06906210473871037,0.08991466269585467],[0.06906177972726515,0.21236224514849375],[0.06895885156580021,0.36819424156275016],[-0.03452323519129015,0.3707161226709789],[-0.06813340765969185,0.20522729466029982],[-0.06803594626259381,0.08592303766282004],[-0.06803583110437904,0.04253735015909142],[-0.06803577352528178,0.020844510221924257]],"resolution":null},"type":"step"},{"normal":[-0.00029667038793592483,0.9997649499483361,-0.021678487988833095],"root":[1165.1075290359613,38.92743371279185,1838.5455611134303],"cov":[[0.0011989030052828073,0.0000047454612595371365,4.586612529423456e-7],[0.0000047454612595371365,0.0012659108002536742,0.000027450892249707688],[4.586612529423456e-7,0.000027450892249707688,5.953942117478459e-7]],"n":262,"id":"h","colors":{"mean":[167.58779146971594,156.13359367915692,127.08397291316331],"cov":[[25.13908793868377,26.659416901450534,32.2626293469787],[26.659416901450534,34.52632450575625,39.55537822701306],[32.2626293469787,39.55537822701306,56.168301923566645]]},"roughness":0.2314821799825742,"rot":[[0.9997649788856506,-0.0000032160605769604445,0.021678488701581955,0],[-0.0000032160605769604445,0.9999999403953552,0.00029667039052583277,0],[-0.021678488701581955,-0.00029667039052583277,0.9997649788856506,0],[0,0,0,1]],"poly":{"xy":[[-283.17495564468027,-20.244858137523806],[-259.71352986343027,-183.37870823518006],[-336.16030720718027,-370.08097874299256],[-259.67935017593027,-427.4059909500238],[-83.01345662124277,-493.24198948518006],[48.67196818344473,-497.8575290359613],[171.87948771469473,-469.6677097000238],[377.50473185531973,-328.14274632111756],[427.04281779281973,-260.5519870437738],[491.08358927719473,-96.2931979812738],[491.05038615219473,99.2649074874762],[426.94735880844473,260.1174465499762],[329.28769083969473,377.4104152999762],[294.14926310531973,406.4764553390387],[129.49484416000723,411.8789211593512],[-9.435575761867767,350.6499172531012],[-101.02187947280527,302.0742336593512],[-275.44082478530527,209.5689846359137],[-283.20828083999277,205.4459377609137],[-267.60964802749277,73.1584621749762]],"rhoDist":[283.9642313798097,317.98007003876575,500.01849825628705,500.14243038589524,500.18266808669915,500.23186002554337,500.1432401140441,500.25321763911415,500.33741927538506,500.5485223528476,501.097159345065,500.03219595546136,500.9208410501965,501.7860388076892,431.76582625657875,350.776856793194,318.52576291653537,346.152959112845,349.9313875608858,277.4899074252624]},"features":[26.682550959543562,277.4899074252624,0.2314821799825742],"projected":{"root":[1.8385455611134303,1.1651075290359614],"xy":[[-0.28332512759097056,-0.020246913242547085],[-0.2598686907381199,-0.18338083161375285],[-0.3362969021816359,-0.37008284804698105],[-0.2598337342765021,-0.42740810369843274],[-0.08320914654126553,-0.4932446675042613],[0.04844534623709032,-0.4978606303602221],[0.17162382059692796,-0.46967120850783034],[0.37720028641036685,-0.32814691266096124],[0.42672651322248606,-0.2605563156759015],[0.49075170647253247,-0.09629773980173925],[0.4907178822237321,0.09926035716692347],[0.42662940216705186,0.26011309530923477],[0.3289923075888167,0.3774063729763753],[0.2938620441190407,0.4064725247435042],[0.1292463025820075,0.41187551986464815],[-0.009651270935877023,0.35064696546186075],[-0.10121589508993016,0.3020715785531266],[-0.2755935533943258,0.20956689454292787],[-0.2833591707899572,0.2054438728300008],[-0.26776377830583153,0.07315635290012773]],"resolution":null},"type":"reactive"},{"normal":[-0.0002776594772638987,0.9997649502865785,-0.021678724217300473],"root":[1083.30495845046,58.83594669805509,2756.679196937062],"cov":[[0.0011955816703423702,-0.0000112411217113558,8.82921571862143e-8],[-0.0000112411217113558,0.001095215601984545,0.00002374533712461567],[8.82921571862143e-8,0.00002374533712461567,5.149573494679561e-7]],"n":107,"id":"h","colors":{"mean":[162.55140737952473,148.97196893658594,119.08411350344943],"cov":[[30.06080465470527,34.45049779693148,36.88923664000403],[34.45049779693148,45.916808302767784,47.881967993515666],[36.88923664000403,47.881967993515666,55.20689280409737]]},"roughness":0.10978422300842934,"rot":[[0.9997649788856506,-0.00000301000545732677,0.021678723394870758,0],[-0.00000301000545732677,0.9999999403953552,0.00027765947743318975,0],[-0.021678723394870758,-0.00027765947743318975,0.9997649788856506,0],[0,0,0,1]],"poly":{"xy":[[-491.122800452687,-96.54305659499119],[-465.750485999562,-185.60085688795994],[-346.666989905812,-360.80764399733494],[-290.940915687062,-407.24221430983494],[-112.45141373393699,-487.30337153639744],[0.29931868793801186,-500.5080224153037],[192.188478844188,-462.70095454420994],[384.354494469188,-319.9767724153037],[445.649416344188,-229.55685054030369],[445.649416344188,-141.55410395827244],[445.532228844188,140.00815190110256],[445.532472984813,228.00754154954006],[305.085939781688,397.16440190110256],[247.769533531688,435.14413822922756],[50.52392806293801,496.50412358079006],[-112.70116959331199,490.39194096360256],[-291.161862952687,406.65097416672756],[-387.437253577687,316.13302983079006],[-453.015134437062,212.88998783860256],[-491.154538733937,95.28549565110256]],"rhoDist":[500.63579260000785,501.4722235695177,500.418089854636,500.53400048653623,500.1165880324889,500.50812842514574,501.0439899757366,500.1817290723224,501.39036035790184,467.68980422746273,467.1142717915173,500.5810246153915,500.8616445931849,500.76963448804116,499.0696647270172,503.18108873114846,500.17866956131604,500.1169541136816,500.63999526961175,500.42496594776793]},"features":[17.99218211011155,467.1142717915173,0.10978422300842934],"projected":{"root":[2.756679196937062,1.08330495845046],"xy":[[-0.49122387775996895,-0.09654435118557789],[-0.4658572580194766,-0.1856022244159998],[-0.3468012205030892,-0.36080936321277857],[-0.2910881027654612,-0.4072440994709191],[-0.11264030685299241,-0.4873057908653288],[0.0000839676343663993,-0.5005107806154803],[0.19192791789673197,-0.46270429178932365],[0.3840483427626452,-0.3199806935834476],[0.44532858748241133,-0.2295609596923534],[0.4453283225936717,-0.14155821650299727],[0.44521031513014087,0.14000402885434615],[0.44521029433475495,0.2280034151095031],[0.30479625847146874,0.39716069168456203],[0.24749320789746423,0.43514059907118563],[0.050293772653670576,0.49650117576753383],[-0.11289294688509113,0.4903894846944028],[-0.2913114479288785,0.406649058293548],[-0.3875639403030058,0.3161314072366939],[-0.4531260988663208,0.21288856661449757],[-0.49125618598734055,0.09528419376068861]],"resolution":null},"type":"reactive"},{"normal":[-0.0002660774831895884,0.9997638621852337,-0.021728991491509198],"root":[39.73336917108218,102.11345037065828,1232.1443556725865],"cov":[[0.0012030501448281378,-0.000009736862186307749,1.0855799373387779e-7],[-0.000009736862186307749,0.0011718278648637044,0.000025466060445216367],[1.0855799373387779e-7,0.000025466060445216367,5.535242056698658e-7]],"n":527,"id":"h","colors":{"mean":[92.79506848223748,92.79506848223748,187.1537042337079],"cov":[[0.9809983161736675,0.9808089222342735,-0.5310612615219064],[0.9808089222342735,0.9809983161736675,-0.5310612615219064],[-0.5310612615219064,-0.5310612615219064,2.1754737645923865]]},"roughness":0.0050567001550677546,"rot":[[0.9997639060020447,-0.000002891139047278557,0.021728990599513054,0],[-0.000002891139047278557,0.9999999403953552,0.00026607749168761075,0],[-0.021728990599513054,-0.00026607749168761075,0.9997638463973999,0],[0,0,0,1]],"poly":{"xy":[[-54.90741719602397,-17.356345474182767],[-54.89716328977397,-39.61516317671458],[-54.89716328977397,-75.22961932367008],[-54.88703145383647,-168.7187970275275],[-2.928047078836471,-477.37506228631656],[141.98723612428853,-482.0080273742072],[141.97393046022603,-428.5279553527228],[135.24138651491353,-185.03587466424625],[135.22820292116353,-92.93597537225406],[128.57366190553853,-39.61583489125888],[141.92107401491353,13.857283294738131],[128.54766092897603,90.88455075079281],[141.89458475710103,179.13339108282406],[128.50872049928853,395.37188595587094],[102.25518046022603,404.79363888555844],[-8.916206258523971,401.4776598816522],[-54.91754903196147,165.1640154724725],[-54.91767110227397,71.67787045294125],[-54.90741719602397,36.064825714171725],[-54.90741719602397,13.806002319396335]],"rhoDist":[57.597663702686326,67.70907970473152,93.13788866082493,177.426470655722,477.38408069664035,502.4945630822026,451.44390454667194,229.2091948389346,164.11051400679696,134.56706953046606,142.62925077014245,157.4561692529549,228.5446111379263,415.7425048986614,417.515778612284,401.576665361454,174.05867930298672,90.30522413483124,65.70313224706867,56.62899615022197]},"features":[10.790480545993521,56.62899615022197,0.0050567001550677546],"projected":{"root":[1.2321443556725864,0.03973336917108218],"xy":[[-0.05511169315769593,-0.017358846889574227],[-0.055101377319081137,-0.039617663833727196],[-0.05510127435273665,-0.07523211871983143],[-0.055090874618738794,-0.16872129314320333],[-0.00314326551709564,-0.47737769769534644],[0.14173781623267961,-0.48201108158944966],[0.1417243590917925,-0.42853101142284067],[0.13499270074688433,-0.18503891988994334],[0.13497925399219843,-0.0929390238204293],[0.12832612997381812,-0.03961886598791273],[0.14167023612878102,0.01385421171576233],[0.12829975784138953,0.09088151510923322],[0.14164327528893897,0.17913031372919647],[0.1282599462904101,0.3953688396471912],[0.1020125775358759,0.4047906681459569],[-0.009132551763371057,0.4014750106713816],[-0.05512235029322325,0.16516150762464293],[-0.05512220205327129,0.07167536591513529],[-0.055111847605729396,0.036062322407521566],[-0.055111783252376145,0.013803499800770707]],"resolution":null},"type":"step"},{"normal":[-0.00028865331087391866,0.9997645888545765,-0.021695242605363593],"root":[33.96077712561806,34.54564032569669,1652.0193098290863],"cov":[[0.0011519175294317629,-0.000004071585063426742,2.4422827704320864e-7],[-0.000004071585063426742,0.0013006370199469832,0.000028223104446102934],[2.4422827704320864e-7,0.000028223104446102934,6.125437404313559e-7]],"n":317,"id":"h","colors":{"mean":[161.97792352562072,148.7949589397817,119.29968565467404],"cov":[[26.990391203472917,27.621270850151426,29.214145357899202],[27.621270850151426,35.54645214893873,35.74993879138346],[29.214145357899202,35.74993879138346,41.819598738661725]]},"roughness":0.11491655246918478,"rot":[[0.999764621257782,-0.000003131570338155143,0.021695243194699287,0],[-0.000003131570338155143,0.9999999403953552,0.0002886533038690686,0],[-0.021695243194699287,-0.0002886533038690686,0.9997645616531372,0],[0,0,0,1]],"poly":{"xy":[[-193.2767561181488,-59.70092948462685],[-193.2617414697113,-137.30703719641883],[-193.2467268212738,-261.47888930823524],[-156.8388899072113,-474.79732497718055],[-88.6280744775238,-492.1064375260087],[42.215675522476204,-498.2506636002274],[158.6586686865387,-476.77083571936805],[167.9979020849762,-229.36576064612586],[167.9759294287262,-116.78576644446571],[167.9760514990387,-51.60932334449013],[167.9544450537262,49.11685196373741],[167.9325944677887,120.2155534407882],[167.9106218115387,226.86182419274132],[205.9755632177887,458.4955827376632],[42.041969467788704,498.4887468001632],[-41.221946547836296,498.6784440657882],[-186.1554182275238,464.2496415755538],[-193.3216779931488,261.0563737532882],[-193.3067854150238,136.89447800133507],[-193.2917707665863,48.94508377526085]],"rhoDist":[202.33095736724823,237.11020737377427,325.16720139451627,500.04349552090065,500.0279190396179,500.0364938284625,502.4878248659593,284.3321599149668,204.61645562451966,175.76293568107747,175.02719291877744,206.55916545673324,282.2659270348636,502.65830267851743,500.2596244782182,500.3798523810225,500.19683245505644,324.8702321249413,236.90682584216808,199.43617641542153]},"features":[29.940162839655102,175.02719291877744,0.11491655246918478],"projected":{"root":[1.6520193098290863,0.033960777125618055],"xy":[[-0.19344803013692535,-0.05970320827051028],[-0.19343277599348752,-0.13730931279584221],[-0.1934173760261425,-0.2614811597810242],[-0.15701744038402743,-0.4747997005757037],[-0.08882262549380372,-0.4921090260103141],[0.041990347121854184,-0.4982536615749475],[0.15840586589355493,-0.4767741992384825],[0.16774212635507071,-0.2293691637199067],[0.16771980631833508,-0.11678917414011361],[0.16771972425529547,-0.05161273375611445],[0.16769780746437093,0.049113437422991804],[0.16767573937080493,0.12021213600612256],[0.16765343791594206,0.22685840238343888],[0.20570869461929764,0.45849203207423334],[0.04181356059262896,0.49848570783999835],[-0.04143075823241836,0.49867566584453493],[-0.18633000918000095,0.46424731865815694],[-0.19349394591276578,0.2610540817436408],[-0.19347866801818067,0.1368921911182896],[-0.19346338148401288,0.04894280050963126]],"resolution":null},"type":"reactive"},{"normal":[-0.003695388311742749,0.9996532784175717,-0.026070424895391315],"root":[-1049.4301375874713,56.72462993458005,1252.563008127037],"cov":[[0.0012716351787537506,-0.00020787452557068187,-7.204412227088346e-7],[-0.00020787452557068187,0.0011223646965233013,0.00002850222977205576],[-7.204412227088346e-7,0.00002850222977205576,0.00001916284382663511]],"n":326,"id":"h","colors":{"mean":[105.29754889751871,104.28834630553524,101.19938920132039],"cov":[[715.7377807062489,681.2325582337346,639.6687245123381],[681.2325582337346,665.593308381333,623.8142863986159],[639.6687245123381,623.8142863986159,599.6396087412904]]},"roughness":9.902738384893192,"rot":[[0.9996601343154907,-0.00004817852459382266,0.026070425286889076,0],[-0.00004817852459382266,0.9999931454658508,0.003695388324558735,0],[-0.026070425286889076,-0.003695388324558735,0.9996532797813416,0],[0,0,0,1]],"poly":{"xy":[[-264.9445388887557,-20.547401475028664],[-168.00929718953694,-55.381263779716164],[-108.16933136922444,-97.40177159221616],[-74.54530793172444,-106.15335850627866],[-3.9175003145369374,-147.26725010784116],[47.89048308390056,-173.07450108440366],[171.81052702921306,-241.21353917034116],[289.13022917765056,-222.12747960002866],[289.68723601358806,-206.71915440471616],[290.01499480265056,-90.36331944377866],[290.57285613077556,31.185691786690086],[289.24509734171306,206.99776454059634],[258.17747038858806,292.3919906148151],[106.46091765421306,292.55794520465884],[93.94871062296306,289.5239486226276],[-53.16371613484944,294.97078700153384],[-208.84035187703694,292.0095443257526],[-212.58522492391194,288.5385970601276],[-263.94936066609944,190.06734461872134],[-310.53822785359944,32.986656142158836]],"rhoDist":[267.33215921120745,177.17628623321707,145.98764951666558,130.07408464638658,147.3611086678881,179.78120092642692,296.21793191301975,364.61048553371,355.88439563556733,303.7691373746805,292.24248162808135,355.6888295017499,390.2472296151881,311.85981498923775,305.50745940931324,301.1626510731992,360.4328657837464,359.99269353695706,326.1103989471451,314.57554466956907]},"features":[18.622567338332317,130.07408464638658,9.902738384893192],"projected":{"root":[1.252563008127037,-1.0494301375874713],"xy":[[-0.2651142005454964,-0.020571450400421566],[-0.16821022815910974,-0.05540974501695743],[-0.1083885770054123,-0.09743284886712132],[-0.0747755604811155