[{"r":314.9921847313988,"xc":-3.1355837887007425,"yc":250.80599212646484,"zc":1289.4950832912705,"root":[38.86980533788392,351.30611718837645,981.2945747285223],"h":462.98622131347656,"error":73859.42198775895,"id":"cyl","type":"avoid"},{"normal":[0.005802639718241523,0.9999246636559296,-0.01081648671594426],"root":[1011.7935678068005,66.51931853650727,1258.9615209178992],"cov":[[0.0009941204324856387,0.00017688639344844422,-0.000003855523842360971],[0.00017688639344844422,0.0013037908680892528,0.000013077013767224975],[-0.000003855523842360971,0.000013077013767224975,0.000038730217280533216]],"n":281,"id":"h","colors":{"mean":[86.45195922141504,86.10320471266941,83.8861228184927],"cov":[[983.2401295310503,961.042221949411,915.2499124160993],[961.042221949411,953.9649624110465,905.1890565797527],[915.2499124160993,905.1890565797527,871.20732834111]]},"roughness":10.450026309387075,"rot":[[0.9999415278434753,0.000031383271561935544,0.010816486552357674,0],[0.000031383271561935544,0.9999831914901733,-0.005802639760077,0],[-0.010816486552357674,0.005802639760077,0.9999246597290039,0],[0,0,0,1]],"poly":{"xy":[[-269.5215795116492,-83.15849700601927],[-270.1779515819617,-192.02568450601927],[-270.5734593944617,-205.53154388101927],[-187.46493888664918,-260.1893807950818],[-19.97348380852418,-262.2115975919568],[2.512966386788321,-258.0167733732068],[173.28005623053832,-252.23057952555052],[271.7721216602258,-199.56956878336302],[275.1805689258508,-194.23430267008177],[281.7850611133508,-77.53404632242552],[283.8310816211633,91.29847320882448],[283.8148462696008,197.33936676351198],[268.2612574024133,321.6024282869495],[224.20693611335082,309.058360904137],[72.52993416022582,223.58021149007448],[-4.315646894461679,180.55982574788698],[-50.30148673821168,153.80811676351198],[-140.38425041008668,108.48450836507448],[-213.56808830071168,72.10425934163698],[-265.5634496288367,54.846935122886975]],"rhoDist":[283.3722784420191,332.50862767287526,339.9899293173301,321.1261212755745,263.93958844475014,259.4584605944897,306.99332361261025,338.1570872300728,337.5282192384123,292.57567872424283,298.27326682638915,345.7812008781765,418.88438767861993,381.9516968870348,235.41033859839243,180.61427260573657,161.90872216346233,177.42971540858105,225.59649032058527,273.1719502154108]},"features":[16.03201888312916,161.90872216346233,10.450026309387075],"projected":{"root":[1.2589615209178993,1.0117935678068006],"xy":[[-0.2696165870452187,-0.08310752902516741],[-0.2702763373258299,-0.19197290424195837],[-0.27067224585899585,-0.20547854864534026],[-0.1875703025741935,-0.2601328571257739],[-0.020088709276299542,-0.2621497834471772],[0.0023965571000714695,-0.25795432415393493],[0.17315383859111785,-0.25216286849267283],[0.2716417948706823,-0.1994996533454564],[0.27505021017888864,-0.19416437008821782],[0.2816579784366183,-0.0774658712294518],[0.2837091777679433,0.09136387005708747],[0.28369627127613445,0.19740297780328367],[0.26814749208124966,0.32166345911779864],[0.22409535431357797,0.3091182203575989],[0.0724245429413069,0.22363674992893293],[-0.004417892736830346,0.18061467681011578],[-0.050401881946839616,0.15386197503010118],[-0.14048079814439698,0.10853630260589663],[-0.21366149648269442,0.07215436933030668],[-0.26565435765285256,0.05489570387051403]],"resolution":null},"type":"preview"},{"normal":[0.004397980672245255,0.9999592200566719,-0.00788771130678733],"root":[1129.5668505058914,103.76663458151896,3292.7269667328383],"cov":[[0.0012177953830553795,0.0003033672132498921,-0.000002963088393944193],[0.0003033672132498921,0.0012463468593933607,0.00000849696758040634],[-0.000002963088393944193,0.00000849696758040634,0.00003361152046712648]],"n":61,"id":"h","colors":{"mean":[94.08196939185994,92.95082191829799,89.42623159069507],"cov":[[792.5918129873597,750.8588346143482,699.5785534872641],[750.8588346143482,736.0799010811872,676.488385417139],[699.5785534872641,676.488385417139,654.6938567124639]]},"roughness":12.184076504839037,"rot":[[0.9999688863754272,0.00001734535544528626,0.007887711748480797,0],[0.00001734535544528626,0.9999903440475464,-0.004397980868816376,0],[-0.007887711748480797,0.004397980868816376,0.9999592304229736,0],[0,0,0,1]],"poly":{"xy":[[-269.96573626408826,-86.51313956839135],[-270.65250384221326,-196.07270988089135],[-270.16324602971326,-326.4713304863601],[-191.41397845158826,-377.59626945120385],[-115.48917376408826,-370.02998527151635],[109.40926373591174,-378.80037101370385],[193.31649029841174,-370.40132316214135],[275.11043561091174,-309.7921312676101],[395.20491803278674,-285.7545336113601],[275.24373639216174,-25.748491130891352],[274.81795514216174,78.76408211129615],[420.93196881403674,290.93461433785865],[245.89315045466174,224.31999031442115],[92.77767193903674,223.30155769723365],[53.561119204661736,189.33781258004615],[-59.578529232838264,225.52763191598365],[-74.65689837346326,210.17667976754615],[-248.46060931096326,189.90067879098365],[-260.24185931096326,176.18363777535865],[-270.86368548283826,14.063398517546148]],"rhoDist":[285.0907130270078,335.546027270489,423.7813677396268,423.49607783549794,388.44503314966,394.301440504403,418.2100336811467,414.4526849445093,488.3193393770787,276.44881240744934,285.88478780998054,512.254894355886,332.97452942426935,241.9455572522705,198.96600699318253,235.1697192588459,224.3100857799414,314.2273540599166,315.31883108419566,272.858078726815]},"features":[10.636575306618726,198.96600699318253,12.184076504839037],"projected":{"root":[3.2927269667328383,1.1295668505058913],"xy":[[-0.27003771571427204,-0.08647300571734197],[-0.27072636227759705,-0.19603152835704157],[-0.27023938149555177,-0.32642887935012965],[-0.19149345047938215,-0.3775519579356541],[-0.11557087646859106,-0.36998442998921727],[0.10932041262387324,-0.37875082996709925],[0.19322517463204378,-0.3703504079447684],[0.27501762673495966,-0.30974038347578875],[0.3951087901227753,-0.285700935213314],[0.2751558502070677,-0.025699488102209497],[0.2747318950101827,0.07881206698071812],[0.42084504344851414,0.2909830816387811],[0.24581051485254773,0.22436606575592768],[0.09269978188448363,0.22334498714605103],[0.05348386001010064,0.18938089027790012],[-0.05965164108278617,0.22556839716340163],[-0.07472980742372622,0.21021733193918588],[-0.2485284632604676,0.18993851237120085],[-0.2603095846888713,0.1762213996674304],[-0.2709338924633343,0.01410254408604748]],"resolution":null},"type":"preview"},{"normal":[-0.0002747217501826686,0.9997642584434439,-0.021710644094335506],"root":[1067.1113574688252,48.999104059659516,2303.3762003580728],"cov":[[0.0011951017848412457,0.00001634610795531023,6.833660839076627e-7],[0.00001634610795531023,0.0011028033986486107,0.00002395270937446142],[6.833660839076627e-7,0.00002395270937446142,5.20371678933387e-7]],"n":156,"id":"h","colors":{"mean":[159.94872361421585,145.67308304974665,115.57692432346252],"cov":[[44.13814597142576,46.95149329864082,45.69818634128756],[46.95149329864082,80.93266482832693,71.14282640588476],[45.69818634128756,71.14282640588476,79.54253375919322]]},"roughness":0.42189182031442657,"rot":[[0.9997643232345581,-0.000002982544629048789,0.02171064354479313,0],[-0.000002982544629048789,0.9999999403953552,0.00027472173678688705,0],[-0.02171064354479313,-0.00027472173678688705,0.9997642636299133,0],[0,0,0,1]],"poly":{"xy":[[-492.95737711588527,-86.76711918757519],[-426.01059977213527,-263.1035449688252],[-376.23862711588527,-329.2535693828877],[-216.13621012369777,-451.3069141094502],[-135.33664957682277,-481.8817432110127],[120.44533284505223,-485.3270557110127],[205.34767659505223,-456.30758549616894],[309.81374104817723,-392.82491948054394],[420.63771565755223,-270.8413379375752],[487.01491292317723,-113.78188969538769],[486.92311604817723,116.53573725773731],[470.07668050130223,174.5760204608623],[372.12599690755223,335.1902782733623],[162.14137776692723,473.7170116717998],[79.24391682942723,493.9154979999248],[-135.54270426432277,482.0547802264873],[-182.20408121744777,465.9925243671123],[-386.43369547526027,317.5846874530498],[-455.14890543619777,207.5016796405498],[-492.97886149088527,84.46103022648731]],"rhoDist":[500.65029086291645,500.7948670428044,500.0316731177416,500.4158774302806,500.5352160921749,500.0554962608977,500.4027317245196,500.33949455932583,500.37279090291776,500.24074990009865,500.78666311075284,501.55180294344814,500.8963218430109,500.71040270639304,500.23552450046634,500.75597103112267,500.36190502250696,500.26005592401316,500.31407496175586,500.27607491863444]},"features":[21.4034895434235,500.0316731177416,0.42189182031442657],"projected":{"root":[2.303376200358073,1.0671113574688251],"xy":[[-0.49305803283506866,-0.0867683928630691],[-0.4261265091709542,-0.26310501166105077],[-0.3763660706631936,-0.32925518202570986],[-0.21630102639210863,-0.45130899965852544],[-0.13552041941920054,-0.48188406859447475],[0.12020128448912941,-0.4853301438456243],[0.20508352988084777,-0.4563109279510181],[0.30952478194404504,-0.39282857590595777],[0.420322271098215,-0.2708453295041566],[0.4866833545683299,-0.11378608516241921],[0.48659089239760295,0.11653153337219888],[0.4697482545121391,0.17457186463010219],[0.371820179229109,0.33518640852322984],[0.16188464110237086,0.47371376298210094],[0.07900665916987096,0.49391249579330226],[-0.13572930052252258,0.4820524190781764],[-0.1823796313046409,0.4659903029946376],[-0.38656066523001825,0.31758308080549497],[-0.4552593504262612,0.20750028209375945],[-0.4930800228417164,0.0844597501528409]],"resolution":null},"type":"reactive"},{"normal":[-0.00027843196424994534,0.9997621892392725,-0.021805674562793705],"root":[6.532818175090925,126.07016397740719,2336.517658317176],"cov":[[0.0011412057911546532,0.000022047874418425685,7.987068855061786e-7],[0.000022047874418425685,0.0009429242688841674,0.00002057213085171783],[7.987068855061786e-7,0.00002057213085171783,4.489468031122943e-7]],"n":137,"id":"h","colors":{"mean":[93.00730132599817,93.05839621346362,186.86131792999532],"cov":[[1.0224107530575408,0.6662434411498354,0.36332376922845194],[0.6662434411498354,1.606034929753767,-0.11514861634392562],[0.36332376922845194,-0.11514861634392562,1.7714850316795965]]},"roughness":0.007331507051329658,"rot":[[0.999762237071991,-0.000003036059297301108,0.021805673837661743,0],[-0.000003036059297301108,0.9999999403953552,0.0002784319513011724,0],[-0.021805673837661743,-0.0002784319513011724,0.9997621774673462,0],[0,0,0,1]],"poly":{"xy":[[-109.93928917655103,-32.95636401249327],[-122.39094933280103,-65.89607653690733],[-122.36092003592603,-158.41952166630188],[-134.68635948905103,-407.9908870227472],[-59.01570519217603,-498.4798091418878],[6.8746756671989715,-501.6087153918878],[47.60245887032397,-138.7016566760675],[47.60245887032397,-62.11679492069639],[47.60245887032397,-34.267750120891705],[47.56803504219897,-13.38086543156065],[47.56803504219897,14.467755936847553],[47.56803504219897,28.392066621051654],[47.56803504219897,56.24068798945986],[47.53409949532397,125.86026348994814],[33.75822058907397,506.6485172741278],[-97.51179894217603,493.10170330928406],[-134.89412316092603,414.86241497920594],[-122.45076378592603,138.96835675166687],[-122.42073448905103,59.66759076045595],[-109.96931847342603,20.119689606891498]],"rhoDist":[114.79774233720802,139.02883360920194,200.1906158648356,429.65823757193334,501.9631038836315,501.65582296689854,146.64635877094827,78.26572302059479,58.66271400408594,49.42520067629352,49.73054586817052,55.406902652988244,73.66708079091913,134.54167370625046,507.772673363328,502.6546954134184,436.2511678588282,185.2383198952576,136.2132508020805,111.8198888638051]},"features":[8.929966749125766,49.42520067629352,0.007331507051329658],"projected":{"root":[2.336517658317176,0.0065328181750909245],"xy":[[-0.11013110538070035,-0.03295881327231059],[-0.12257970487396319,-0.06589848671577785],[-0.12254940181053832,-0.15842192834950622],[-0.1348711529058576,-0.40799324661010467],[-0.05921821624159449,-0.498482394961882],[0.006656507230087434,-0.5016115011376947],[0.047373504699603136,-0.138704580142585],[0.04737327218341341,-0.062119721356163095],[0.04737318763205905,-0.03427067763597645],[0.04733870857513362,-0.013383793651850077],[0.04733862402506483,0.014464826636956491],[0.04733858175003044,0.028389136781359774],[0.047338497199961645,0.056237757070166344],[0.047304358352842385,0.12585732997475754],[0.03353059886902937,0.5066456108213859],[-0.09770816719900036,0.493099195925286],[-0.13508136540885574,0.41486002412325085],[-0.12264012708547563,0.13896593881246033],[-0.12260986416689007,0.059665175804314734],[-0.11016128867950127,0.020117238380656734]],"resolution":null},"type":"step"},{"normal":[-0.011687376556991229,0.9998804985848272,0.010118981123227486],"root":[-1096.0109321840348,81.9061637386199,2242.6133974136847],"cov":[[0.0011603999587620024,0.00019077660237928155,0.000011632956591314486],[0.00019077660237928155,0.0010875877586874617,-0.000008776650831936565],[0.000011632956591314486,-0.000008776650831936565,0.00003172160565979982]],"n":124,"id":"h","colors":{"mean":[113.52419652645627,113.15322883727569,109.37097041597289],"cov":[[535.8482804935679,509.19237973637877,491.6631459795311],[509.19237973637877,498.1615658739835,472.9116610888373],[491.6631459795311,472.9116610888373,469.928326445901]]},"roughness":11.838461289892766,"rot":[[0.9999487996101379,0.000059135705669177696,-0.010118980892002583,0],[0.000059135705669177696,0.9999316930770874,0.011687376536428928,0],[0.010118980892002583,-0.011687376536428928,0.9998804926872253,0],[0,0,0,1]],"poly":{"xy":[[-234.13097553868465,-73.4592826597152],[-233.12572651524715,-168.4496391050277],[-237.53612690587215,-210.2640922300277],[-161.04943256993465,-262.6028373472152],[-8.327508741809652,-262.3849418394027],[6.552862351940348,-250.2631156675277],[113.93396586756535,-305.1224906675277],[234.95154399256535,-234.9340141050277],[303.56213969569035,-159.5560844175277],[303.40686625819035,-56.0730521909652],[307.06067485194035,90.1404487855973],[306.67151469569035,193.84216997700355],[295.65686625819035,376.4586860902848],[127.16126078944035,337.1937935121598],[-25.133661085559652,337.6222603090348],[-25.133661085559652,337.6222603090348],[-181.05382710118465,334.9204780824723],[-222.76549702305965,294.44470903950355],[-231.11217671055965,164.0123970277848],[-228.93700581212215,70.5142280824723]],"rhoDist":[246.5034325008324,288.62763728165777,317.29539290297004,308.0859173346983,262.5172269119927,250.72373539280957,327.31209574192434,332.2775355599296,342.94067069441695,308.5450175475733,320.02553892338216,362.80311532048694,479.5160467030053,360.4757040718,338.8066816446787,338.8066816446787,381.31803683456604,369.9702497468727,284.5353539288255,240.34307871694867]},"features":[13.207514856551585,240.34307871694867,11.838461289892766],"projected":{"root":[2.2426133974136846,-1.0960109321840348],"xy":[[-0.23402214229996388,-0.07358498454880422],[-0.23302256206690058,-0.16856879356736307],[-0.23743520937240725,-0.2103806515160311],[-0.16095552623987736,-0.26271129872559895],[-0.008241408881016255,-0.26248438678176816],[0.006638917171230719,-0.25036250858716474],[0.11401127863205786,-0.3052117865541671],[0.23502681130829267,-0.2350209475077712],[0.3036383516794331,-0.15964410890747477],[0.3034892057339686,-0.05616815390597057],[0.30715147369133466,0.09003557654460623],[0.30676846593443424,0.19373019174312126],[0.2957651806027543,0.3763335835215551],[0.127275880143268,0.33706140868679146],[-0.025011218901855765,0.33748084015121643],[-0.025011218901855765,0.33748084015121643],[-0.18092356158477255,0.33477002201143524],[-0.22263548943441547,0.2942945508738496],[-0.23098945497904042,0.16387065399352824],[-0.2288199245293576,0.07037899974052951]],"resolution":null},"type":"preview"},{"normal":[-0.0001819222139357877,0.9604484558367631,-0.2784577716370751],"root":[-20.193113321083644,138.04614275977724,2940.763389950707],"cov":[[0.0010594169804003875,-0.0000016565432799305456,-2.7960466401110817e-7],[-0.0000016565432799305456,0.0003921072939220513,0.00011368129261141116],[-2.7960466401110817e-7,0.00011368129261141116,0.000032959103152739274]],"n":84,"id":"h","colors":{"mean":[196.00000351667404,196.00000351667404,98.00000175833702],"cov":[[0.001176470582756926,-5.478368085973403e-12,-2.7391840429867015e-12],[-5.478368085973403e-12,0.001176470582756926,-2.7391840429867015e-12],[-2.7391840429867015e-12,-2.7391840429867015e-12,0.001176470586865702]]},"roughness":0.010728419312326008,"rot":[[0.9604484438896179,-0.000025839830414042808,0.27845776081085205,0],[-0.000025839830414042808,1,0.0001819222088670358,0],[-0.27845776081085205,-0.0001819222088670358,0.9604484438896179,0],[0,0,0,1]],"poly":{"xy":[[-228.37154424758182,-72.7575092375101],[-228.37178838820682,-165.8300190031351],[-228.37178838820682,-313.1948261320414],[-174.58712041945682,-465.9095478117289],[-108.47359502883182,-488.38009834883826],[5.778846377418176,-500.1070575773539],[174.87381708054318,-467.04806709883826],[315.8852916899182,-376.6239032804789],[329.0495983305432,-230.5491352140726],[329.0495983305432,-100.8039417326273],[329.0498424711682,106.78837394120083],[329.0498424711682,236.53356742264614],[329.0498424711682,366.2787761628805],[162.39603387741818,472.95266532303674],[5.729529971168176,500.05178641678674],[-141.82051885695682,478.2057781160055],[-196.27901495070682,457.53140067459924],[-228.41500127883182,307.28375052811487],[-228.37154424758182,159.9237651765524],[-228.37154424758182,66.85125159623013]],"rhoDist":[248.6664111316617,289.9013686736108,393.23912349597555,500.1243562536503,501.2750168582459,500.14297238164363,501.27709010929857,500.0060880195425,412.94621218769095,357.1227433049349,358.8660163747236,416.332487227896,501.5459175195508,502.2764958209998,500.08768709052345,500.47666312161095,501.0900019249694,388.55434769800036,286.5528217546576,246.99750387228175]},"features":[7.917893529170683,246.99750387228175,0.010728419312326008],"projected":{"root":[2.940763389950707,-0.020193113321083644],"xy":[[-0.22212179855966574,-0.07275342614955967],[-0.22211962806635077,-0.16582593433765444],[-0.22211582018482554,-0.3131907389787931],[-0.17045447185616397,-0.46590684786706],[-0.10695525673350526,-0.48837910638706766],[0.002778629142112396,-0.5001090176812452],[0.16518478125961594,-0.46705439714607344],[0.30061670013897074,-0.37663387856672176],[0.313256563799221,-0.2305594531297473],[0.3132532112055124,-0.10081426183862066],[0.3132480815399114,0.10677805032438886],[0.31324472894620287,0.23652324161551547],[0.3132413763521001,0.36626844816543086],[0.1531762239803856,0.4729466418307899],[0.0027054193408124626,0.5000498107028469],[-0.13900823520855918,0.4782076154390026],[-0.1913122803859525,0.4575346455448816],[-0.22217335700040342,0.30728782832324714],[-0.22212781100417922,0.15992784433644863],[-0.22212540602627523,0.06685533232734814]],"resolution":null},"type":"ramp"},{"normal":[-0.0001387204492237416,0.9604574815952224,-0.27842666324258514],"root":[-1119.5136203342013,134.50029983520508,2929.1597900390625],"cov":[[0.001217455779379861,0.00001469496663160381,0.000004435757563414651],[0.00001469496663160381,0.00038886966985824366,0.00011273140683689326],[0.000004435757563414651,0.00011273140683689326,0.000032680376558673924]],"n":90,"id":"h","colors":{"mean":[196.00000351667404,196.00000351667404,98.00000175833702],"cov":[[0.0010989010886667849,-5.1171570033817505e-12,-2.5585785016908752e-12],[-5.1171570033817505e-12,0.0010989010886667849,-2.5585785016908752e-12],[-2.5585785016908752e-12,-2.5585785016908752e-12,0.0010989010963425206]]},"roughness":0.012040516712944638,"rot":[[0.9604575037956238,-0.000019701254132087342,0.2784266769886017,0],[-0.000019701254132087342,1,0.00013872045383322984,0],[-0.2784266769886017,-0.00013872045383322984,0.9604575037956238,0],[0,0,0,1]],"poly":{"xy":[[-216.7252197265625,-67.05913357204872],[-216.7252197265625,-152.37700466579872],[-216.7252197265625,-291.9880886501737],[-216.7252197265625,-431.5991726345487],[-141.0977783203125,-455.8563747829862],[40.9178466796875,-448.8688259548612],[275.3521728515625,-409.9457302517362],[314.3880615234375,-378.1167507595487],[340.7115478515625,-247.06316189236122],[340.7115478515625,-108.66570095486122],[340.7117919921875,107.58027072482628],[367.2947998046875,259.0573825412325],[301.2938232421875,389.7509860568575],[288.2630615234375,400.0957126193575],[52.6668701171875,497.3377170138888],[-28.9444580078125,499.2248630099825],[-195.4058837890625,457.4597873263888],[-216.7684326171875,297.4946994357638],[-216.7684326171875,150.12995334201378],[-216.7249755859375,64.79584689670128]],"rhoDist":[235.41382864506812,272.29218466115736,369.0309532109129,487.039183569725,478.9525935570761,450.8837622452202,500.2405656256633,500.1105935637464,432.2914692579706,371.00925062856004,370.7012804108017,461.9145242914876,500.3272002811247,500.172495009264,500.35478397107727,500.13235396136133,500.6538307056621,373.41044174579764,271.0607302121575,234.77385159236601]},"features":[8.10138938116728,234.77385159236601,0.012040516712944638],"projected":{"root":[2.9291597900390625,-1.1195136203342013],"xy":[[-0.21093830634743443,-0.0670562503595926],[-0.21093662547834177,-0.15237412061588362],[-0.21093387496484378,-0.291985203229871],[-0.2109311244513458,-0.4315962858438583],[-0.1382937038991553,-0.4558549777096643],[0.03652442902246737,-0.4488710148862802],[0.26168786700431373,-0.40995253821554034],[0.2991795516422751,-0.378124328091756],[0.32445955936606835,-0.24707125911666164],[0.32445683276246684,-0.10867379953763669],[0.3244528069322342,0.10757217001462431],[0.34998167164085403,0.25904875662556637],[0.2865879644330151,0.3897436591603726],[0.2740722679173595,0.4000886423436844],[0.047790225143855336,0.4973352873242408],[-0.030594023516943583,0.49922404114735713],[-0.19047232411511128,0.4574622453726344],[-0.21098699265980742,0.29749757992119835],[-0.21098408938943883,0.15013283527394397],[-0.21094066956927082,0.06479872881009181]],"resolution":null},"type":"ramp"},{"normal":[-0.00024284367389299896,0.9997694905022244,-0.02146874211203023],"root":[-1084.2710793235085,168.4095195423473,4302.890869140625],"cov":[[0.0011795911016264044,-0.000019400540335973167,-1.3007894492886916e-7],[-0.000019400540335973167,0.0014232175875504812,0.00003055702374213271],[-1.3007894492886916e-7,0.00003055702374213271,6.56219418464473e-7]],"n":44,"id":"h","colors":{"mean":[93.45454748381268,92.29545664380898,185.84091321311215],"cov":[[3.9779793240303274,-2.731312805718173,-3.4404036302817986],[-2.731312805718173,3.5390904874597777,3.868181357051556],[-3.4404036302817986,3.868181357051556,6.133029572172091]]},"roughness":0.007240245281330198,"rot":[[0.9997695088386536,-0.0000026070745207107393,0.021468741819262505,0],[-0.0000026070745207107393,1,0.00024284367100335658,0],[-0.021468741819262505,-0.00024284367100335658,0.9997695088386536,0],[0,0,0,1]],"poly":{"xy":[[-50.918212890625,-11.263588645241498],[-50.918212890625,-32.959511496804],[-50.918212890625,-65.5033347389915],[-50.918212890625,-152.2867820046165],[-17.191650390625,-444.1603171608665],[51.385986328125,-242.912148215554],[86.350830078125,-240.504677512429],[86.350830078125,-118.0365378639915],[86.350830078125,-62.369179465554],[86.350830078125,-6.701821067116498],[86.350830078125,15.565024636008502],[86.350830078125,60.0989601828835],[86.350830078125,82.36586692116475],[86.248291015625,260.521201393821],[51.183837890625,498.186240456321],[-17.486083984375,505.7581398703835],[-51.014892578125,151.47731711647725],[-51.014892578125,64.69582297585225],[-51.014892578125,32.152793190696],[-51.014892578125,10.457358620383502]],"rhoDist":[52.16093021925164,60.66490355993575,82.97348006792386,160.57771774507884,444.4931401486484,248.2901254449387,255.54326737933573,146.2619258788086,106.53577330617115,86.63083016802807,87.76256775754547,105.22313146879853,119.34894408130461,274.43366642831603,500.8101874213154,506.0603892295474,159.84059946293306,82.3966968994979,60.311510360064275,52.08684312923807]},"features":[6.9363073609212895,52.08684312923807,0.007240245281330198],"projected":{"root":[4.302890869140625,-1.0842710793235084],"xy":[[-0.0511211353166228,-0.011265884002239473],[-0.051121078753733805,-0.032961806213990856],[-0.05112099390955943,-0.06550562849646346],[-0.05112076765863993,-0.15228907320285123],[-0.017401217520955126,-0.4441626876794367],[0.05116008875455956,-0.24291470345593094],[0.08611686753064184,-0.2405073239797575],[0.08611654824706785,-0.11803918794289613],[0.08611640311811272,-0.062371831186084796],[0.08611625798915763,-0.006704474429273456],[0.08611619993783017,0.015562370617203955],[0.08611608383453877,0.06009630485077658],[0.08611602578305219,0.08236321093240845],[0.08601304588951199,0.26051854041860434],[0.05095605480946123,0.49818366388802493],[-0.01769805976191233,0.5057557421064005],[-0.051218216999066514,0.15147501721231346],[-0.051217990753238955,0.06469352563086816],[-0.051217905911133184,0.032150496805403384],[-0.051217849349517175,0.010455062874887601]],"resolution":null},"type":"step"},{"normal":[-0.00013737353735204593,0.9603968560554713,-0.2786357120099245],"root":[62.70295888727362,196.2213095925071,4080.3715287642044],"cov":[[0.0010691547573702033,0.000005403621754001301,0.0000017206590748769958],[0.000005403621754001301,0.0005641759081391155,0.00016368264555079233],[0.0000017206590748769958,0.00016368264555079233,0.000047488976863555626]],"n":55,"id":"h","colors":{"mean":[196.00000351667404,196.00000351667404,98.00000175833702],"cov":[[0.0017857142773989056,0,0],[0,0.0017857142773989056,0],[0,0,0.0017857142836354407]]},"roughness":0.016559493687131558,"rot":[[0.9603968858718872,-0.00001952521597559098,0.278635710477829,0],[-0.00001952521597559098,1,0.00013737354311160743,0],[-0.278635710477829,-0.00013737354311160743,0.9603968262672424,0],[0,0,0,1]],"poly":{"xy":[[-244.7518998579544,-72.63010865991765],[-244.7518998579544,-173.03923971002752],[-244.6715775923294,-333.69969350641423],[-197.2560502485794,-457.1580370122736],[-50.51728071732941,-497.39357168024236],[16.902397017045587,-501.934495752508],[138.4077681107956,-424.88011342828923],[138.4077681107956,-190.4669969732111],[138.4077681107956,-94.57072431390935],[138.4077681107956,-41.29501706903631],[138.4082563920456,43.94611185247248],[138.4082563920456,97.22181528264827],[138.4082563920456,182.46294992620295],[138.4082563920456,416.876051122492],[138.4082563920456,438.1863233392889],[-132.8795854048294,417.75880258733577],[-244.7516557173294,409.33372324163264],[-244.7516557173294,329.006422216242],[-244.7516557173294,168.3518049066717],[-244.7518998579544,77.98359506780452]],"rhoDist":[264.9925990016578,308.0431270936683,419.8465605806937,501.1870411469429,500.1695430277236,502.2422500768382,448.64882486069024,238.8368261597814,172.36611471014666,149.90779675559432,150.66335353065298,173.8415385088623,232.51345943488835,441.08743340713556,461.2808064927135,440.0702606990315,482.1722828121201,416.1524646802299,305.4230645392654,266.50387961727944]},"features":[5.854854333940661,149.90779675559432,0.016559493687131558],"projected":{"root":[4.080371528764204,0.06270295888727362],"xy":[[-0.2378438964947435,-0.07262670286225018],[-0.23784193598470318,-0.17303583294578545],[-0.23776165780238034,-0.3336962867639062],[-0.19222152340588378,-0.4571555548797563],[-0.051293283466529886,-0.49739395426667365],[0.013456452377369555,-0.5019361946790428],[0.13014832543580407,-0.4248841855152757],[0.13014374846891288,-0.1904710713167429],[0.1301418760734105,-0.09457479958057333],[0.13014083585368283,-0.0412990928485515],[0.1301396404459527,0.043942035242861575],[0.1301386002262995,0.09721773816018618],[0.13013693587467562,0.1824588719831789],[0.1301323589080824,0.41687197092292266],[0.13013194282039983,0.43818224293457925],[-0.1304116512871389,0.4177600193331623],[-0.2378530724711018,0.4093371243949752],[-0.23785150406314406,0.3290098241428442],[-0.23784836724693056,0.1683552083797933],[-0.23784683725994357,0.07798699941561006]],"resolution":null},"type":"ramp"},{"normal":[-0.0002737293831019958,0.9997633076490452,-0.021754396127348023],"root":[1103.379264831543,91.62590980529785,4265.785369873047],"cov":[[0.0011137563612821767,-0.00003193459279812647,-3.8994223654100817e-7],[-0.00003193459279812647,0.0006706776021746072,0.000014584896928602551],[-3.8994223654100817e-7,0.000014584896928602551,3.1731633125155266e-7]],"n":32,"id":"h","colors":{"mean":[160.71875561960042,148.87500632554293,119.34375048615038],"cov":[[7.592991519437849,10.238635143088741,11.002839597446533],[10.238635143088741,18.836361391251824,19.10227045010084],[11.002839597446533,19.10227045010084,22.2217776543489]]},"roughness":0.0077726103477592425,"rot":[[0.9997633695602417,-0.000002977761141664814,0.021754395216703415,0],[-0.000002977761141664814,0.9999999403953552,0.0002737293834798038,0],[-0.021754395216703415,-0.0002737293834798038,0.9997633099555969,0],[0,0,0,1]],"poly":{"xy":[[-499.2743835449219,-26.08995819091797],[-445.3910827636719,-235.87474822998047],[-305.1017761230469,-397.57262420654297],[-186.90377807617188,-465.8403854370117],[-125.72579956054688,-490.45812225341797],[134.38162231445312,-482.20372772216797],[134.38162231445312,-482.20372772216797],[384.3816223144531,-323.6738815307617],[421.9372863769531,-270.9601364135742],[498.5593566894531,-42.91979217529297],[498.4387512207031,41.39600372314453],[459.7556457519531,201.30908966064453],[346.8606262207031,363.44947052001953],[274.0632629394531,425.59815216064453],[133.96365356445312,466.16846466064453],[-126.09835815429688,466.22901153564453],[-276.3952331542969,441.45752716064453],[-334.0771179199219,372.11426544189453],[-445.4714050292969,228.04651641845703],[-499.3529968261719,23.75476837158203]],"rhoDist":[500.07364623934455,504.0879455929371,501.19507965422184,501.95419098865176,506.3244621167432,500.58619302240714,500.58619302240714,502.5753674733378,501.53069242884493,500.5203352071697,500.27276323223225,501.99785996970456,502.4602178653056,506.24234508968607,485.0448082860701,482.98779612692283,520.8778853284219,500.1277363362972,500.54242386665163,500.03502014360566]},"features":[11.911123530685417,482.98779612692283,0.0077726103477592425],"projected":{"root":[4.265785369873047,1.103379264831543],"xy":[[-0.4993736940958926,-0.026091207787353264],[-0.445502520371873,-0.23587615041772989],[-0.305245932382997,-0.3975744380837876],[-0.18707570318439198,-0.4658425487217812],[-0.12591212943035274,-0.4904604667892082],[0.13413371217363626,-0.482206847105005],[0.13413371217363626,-0.482206847105005],[0.38407407638896524,-0.3236777512937267],[0.42162069575125355,-0.2709641199834312],[0.4982239540270252,-0.04292401245166099],[0.49810312602784923,0.041391780646739394],[0.45942869892191357,0.20130497578161197],[0.34655991373293804,0.36344568674025907],[0.2737795932392233,0.4255945828254354],[0.1337130183121376,0.466165310988504],[-0.12628744864204586,0.4662266322637833],[-0.27654868138916944,0.4414555963651205],[-0.3342167089674563,0.37211250900742004],[-0.4455842050755474,0.2280450970875368],[-0.4994524371986146,0.02375351714164005]],"resolution":null},"type":"reactive"},{"normal":[-0.0002870458455485657,0.999765256646849,-0.02166446875746136],"root":[-874.0419813424103,103.52426125392441,1308.9686443234277],"cov":[[0.001205331468634528,0.00001240584858549089,6.148958523848837e-7],[0.00001240584858549089,0.0012071861230300953,0.00002616274862546336],[6.148958523848837e-7,0.00002616274862546336,5.67125800446578e-7]],"n":484,"id":"h","colors":{"mean":[93.03719213678818,93.0247954433122,187.02273132448846],"cov":[[0.23387745361007056,0.10629631517666209,0.032146200472392986],[0.10629631517666209,0.27175765698372395,0.09840673615330274],[0.032146200472392986,0.09840673615330274,0.21206183040725815]]},"roughness":0.004855459875871461,"rot":[[0.9997652769088745,-0.000003109712906734785,0.021664468571543694,0],[-0.000003109712906734785,0.9999999403953552,0.0002870458411052823,0],[-0.021664468571543694,-0.0002870458411052823,0.9997652769088745,0],[0,0,0,1]],"poly":{"xy":[[-114.58363455780272,-36.83698594274597],[-114.58363455780272,-81.71369492712097],[-114.57313651092772,-153.52637803258972],[-114.55226248749022,-274.7168077200897],[-0.028580846865224885,-335.7043565482147],[58.587874231259775,-366.9262803763397],[65.25584298125978,-200.30005967321472],[51.879744348447275,-68.46088730993347],[58.535383996884775,-27.52918564977722],[58.522322473447275,-12.976512309933469],[65.21617012969728,13.646595600222781],[65.21617012969728,42.81651747522278],[51.853621301572275,66.90654433069153],[65.18968087188478,198.40367567834778],[6.246809778134775,338.66203749475403],[-85.63148612030272,337.5202528267853],[-114.62550467499022,331.1730848580353],[-114.60450858124022,156.14677870569153],[-114.60450858124022,79.85783827600403],[-114.59413260467772,34.97386610803528]],"rhoDist":[120.38528186837769,140.75799329954643,191.582200724005,297.65439985604974,335.7043713542433,371.5760601437331,210.66625671348956,85.90467065039024,64.69793029351575,59.95718992145385,66.64385315906142,78.02845427742183,84.65575052701686,208.84417395783123,338.71972414101697,348.21799651757993,350.4573726995425,193.70595937279833,139.70508293443086,119.83788708379372]},"features":[10.657069201995697,59.95718992145385,0.004855459875871461],"projected":{"root":[1.3089686443234276,-0.8740419813424103],"xy":[[-0.11477327166746736,-0.0368394985612228],[-0.11477313211378792,-0.08171620569656544],[-0.11476241321400231,-0.15352888587581837],[-0.11474116722230424,-0.27471931063488253],[-0.00024417488229599635,-0.33570721308593493],[0.05835861987897663,-0.3669293179079835],[0.06502450548266771,-0.2003031248057427],[0.05165113626700084,-0.06846391627873823],[0.058305086536659466,-0.02753223700219846],[0.05829198282415405,-0.012979564221343571],[0.06498417662974167,0.013643521775930015],[0.06498408591966023,0.04281344244905646],[0.051624598397416954,0.06690350986564604],[0.06495711904754549,0.1984005943239764],[0.006027645809174374,0.3386591336567929],[-0.08582908250499463,0.33751763475098767],[-0.11481627636330125,0.3311705572068294],[-0.11479474091582302,0.15614425820071431],[-0.11479450367912324,0.07985532091432151],[-0.11478399056155891,0.0349713505634181]],"resolution":null},"type":"step"}]